257 23326 20.7027 -1.#IND 4.53164
512 9517 21.0059 -1.#IND 1.31229
675 7794 11.7665 -1.#IND 1.24903
102 28561 19.9623 -1.#IND 2.97002
162 22367 27.4009 -1.#IND 2.14061
509 8000 0.454676 -1.#IND -1.#IND
255 18620 29.0414 -1.#IND 4.23839
718 6859 6.84341 -1.#IND 1.08061
506 14199 21.3282 -1.#IND 2.39723
253 25182 1.52686 -1.#IND -1.#IND
547 9944 0.744272 0.381168 -1.#IND
90 30471 10.2534 -1.#IND 3.1899
665 8755 17.2222 -1.#IND 1.63322
103 26391 20.6729 -1.#IND 1.71075
841 2816 14.4432 -1.#IND 0.84093
501 14497 1.44683 0.421003 -1.#IND
500 9603 6.26428 -1.#IND 1.08754
7 23749 8.71746 -1.#IND 2.79493
158 23536 10.0714 -1.#IND 1.94254
157 25862 11.2005 -1.#IND 2.36454
658 9007 18.1842 -1.#IND 1.79512
44 34674 23.2561 -1.#IND 2.23076
43 25682 16.42 -1.#IND 2.59325
154 21416 16.4649 -1.#IND 2.50589
18 34168 9.18929 -1.#IND 2.58916
653 8025 12.6356 -1.#IND 2.10313
94 27733 15.1095 -1.#IND 3.36253
491 10862 0.816023 -1.#IND -1.#IND
490 15241 1.4536 0.248717 -1.#IND
152 23077 16.3528 -1.#IND 2.46164
85 22171 18.521 -1.#IND 2.27045
647 10627 22.4287 -1.#IND 1.49605
84 26368 11.5864 -1.#IND 1.88281
6 47554 16.8752 -1.#IND 2.94513
644 6220 0.968741 -1.#IND -1.#IND
485 10548 8.13539 -1.#IND 1.5827
2 42870 18.066 -1.#IND 2.59647
184 22959 8.58825 -1.#IND 2.74974
81 20396 13.4976 -1.#IND 2.23284
378 17585 3.95455 0.471475 -1.#IND
234 21084 38.3431 4.769 6.27765
637 5672 19.1385 -1.#IND 1.85529
263 19610 17.655 -1.#IND 1.16025
38 30589 17.4754 -1.#IND 2.39673
77 29614 8.71031 -1.#IND 2.49898
20 42981 20.4028 -1.#IND 3.68546
345 22426 9.70427 -1.#IND 1.96464
344 13208 1.33958 0.591613 -1.#IND
36 28663 2.28638 -1.#IND -1.#IND
140 22042 12.6808 -1.#IND 2.45647
35 29742 18.3194 -1.#IND 2.44355
627 8902 1.02811 -1.#IND -1.#IND
534 9879 31.2771 -1.#IND 1.76124
802 5749 8.95029 -1.#IND 1.54415
469 6431 1.07279 -1.#IND -1.#IND
393 18728 22.3538 -1.#IND 1.48661
338 17624 25.4097 -1.#IND 2.19055
622 9855 6.51832 -1.#IND 1.35634
13 26559 14.7417 -1.#IND 3.18643
336 18536 1.59477 -1.#IND -1.#IND
51 21939 13.5898 -1.#IND 0.908315
31 33224 23.2498 -1.#IND 2.53481
134 22962 19.1132 -1.#IND 2.39517
282 18439 14.9416 -1.#IND 2.47818
615 11203 2.23659 0.495887 -1.#IND
69 23836 19.13 -1.#IND 2.10884
68 23121 14.1851 -1.#IND 2.21053
173 22334 17.2646 -1.#IND 2.70036
529 11401 1.08224 -1.#IND -1.#IND
457 7800 15.3517 -1.#IND 1.66232
128 29077 24.2102 -1.#IND 3.84911
182 25562 7.30811 -1.#IND 2.7983
9 36446 6.31761 -1.#IND -1.#IND
171 22019 10.9009 -1.#IND 1.95853
127 23250 17.5399 -1.#IND 1.50555
326 18228 1.57778 -1.#IND -1.#IND
779 7733 27.8773 -1.#IND 3.76688
65 26333 21.5163 -1.#IND 2.21124
451 14357 1.43169 0.537219 -1.#IND
324 17679 15.2192 -1.#IND 2.42714
11 28504 9.35748 -1.#IND 3.53912
322 13969 31.9714 -1.#IND 3.63534
124 19949 13.0007 -1.#IND 1.29181
320 19403 20.3745 -1.#IND 2.22747
597 7743 17.5527 -1.#IND 2.09528
123 21732 10.0363 -1.#IND 2.11378
595 8223 21.2058 -1.#IND 1.6605
268 19181 28.3786 -1.#IND 2.30202
122 22718 19.6958 -1.#IND 1.7939
63 28585 1.58829 -1.#IND -1.#IND
765 7338 8.1791 -1.#IND 1.28063
120 20516 11.4333 -1.#IND 2.44283
314 22042 10.6571 -1.#IND 2.14398
119 22765 7.6041 -1.#IND 2.5898
312 21884 8.92185 -1.#IND 2.71592
205 22133 10.7377 -1.#IND 1.99813
28 32692 17.6253 -1.#IND 2.63365
27 26165 1.54383 -1.#IND -1.#IND
60 16010 1.55319 0.550097 -1.#IND
583 12285 27.9615 -1.#IND 2.20324
694 6492 7.07947 -1.#IND 1.51004
115 23675 10.2311 -1.#IND 1.92024
431 12110 23.5482 -1.#IND 1.43446
579 7259 14.3858 -1.#IND 0.377213
59 27377 20.4791 -1.#IND 1.39637
199 13275 1.29234 0.556378 -1.#IND
170 24026 12.7262 -1.#IND 2.55247
692 9506 11.5541 -1.#IND 1.65224
113 24664 10.548 -1.#IND 2.2303
300 19927 15.3556 -1.#IND 2.15729
97 27976 1.50349 -1.#IND -1.#IND
112 26551 9.00798 -1.#IND 2.59171
743 5069 13.8429 -1.#IND 1.39168
690 6695 13.627 -1.#IND 1.45758
58 26726 14.9038 -1.#IND 1.8315
26 35389 17.1002 -1.#IND 5.46164
109 26537 16.7515 -1.#IND 2.61315
295 20122 1.63043 -1.#IND -1.#IND
712 7951 11.9465 -1.#IND 1.75917
689 8697 15.7417 -1.#IND 1.87276
384 18223 15.5315 -1.#IND 2.15632
562 12630 9.3424 -1.#IND 2.25146
10 37969 15.7753 -1.#IND 2.91331
415 9586 19.8028 -1.#IND 1.33328
559 11625 17.3549 -1.#IND 2.29964
291 18314 6.69066 -1.#IND 1.05638
265 20919 15.1748 -1.#IND 1.41456
189 12114 1.24163 -1.#IND -1.#IND
280 19468 19.3525 -1.#IND 3.0295
187 26230 21.2324 -1.#IND 2.82973
54 36423 19.9915 -1.#IND 3.33499
552 8199 7.25638 -1.#IND 1.3501
408 19815 18.1638 -1.#IND 2.12729
722 7545 0.617951 -1.#IND -1.#IND
185 23768 14.0464 -1.#IND 1.4761
285 22661 12.4426 -1.#IND 2.95169
53 32321 33.6446 1.96756 7.656
56 27757 35.0731 3.52467 5.2333
188 13945 37.6518 2.09151 7.57983
784 6135 41.3231 1.37567 8.48499
79 21168 31.6425 6.47177 5.92453
237 23553 34.0205 2.69641 4.97138
174 20098 33.8531 4.10088 4.77987
254 27686 32.6705 3.32788 4.27107
186 25425 35.1558 1.20708 4.06105
161 20207 36.2452 2.20427 3.6817
96 22751 31.9077 1.65504 7.05329
48 25945 25.5066 5.19257 8.77221
12 38413 27.5363 1.60283 5.76139
302 19649 32.1651 3.19223 4.46676
307 12135 31.5834 2.72208 8.35215
607 13935 34.074 2.48991 5.22073
492 9914 33.2947 2.9369 7.27751
250 19562 31.2544 2.75447 4.7203
198 23030 25.5951 3.04508 8.20315
563 6850 36.2531 2.88048 4.55595
107 28780 26.883 1.535 6.56214
3 41049 22.0257 2.69855 6.57164
570 10717 32.8384 3.13534 5.17601
14 41386 24.9167 2.5611 3.6269
33 36666 24.3899 3.22782 4.6337
183 22871 18.7925 5.10716 12.1205
424 16529 30.1535 2.48192 5.14568
39 32657 24.7033 1.82678 5.75367
66 33617 18.1072 2.90726 10.9386
455 20012 28.4996 2.83167 4.62553
405 17162 30.89 1.64353 4.42725
24 30837 24.0851 3.35278 4.88023
373 14758 32.1101 2.87975 2.61062
413 13909 28.2456 2.37687 7.2984
536 15416 28.3619 2.98623 5.93177
133 21768 29.9477 1.34964 3.55494
619 5891 34.0756 1.90029 5.76256
100 29002 23.8138 3.78682 4.62514
210 22095 18.6825 4.94117 10.4053
680 9776 20.398 -1.#IND 2.09745
21 19268 11.1205 -1.#IND 2.06848
0 36473 23.0806 1.82937 4.81916
287 23626 24.8712 3.13415 5.26875
78 23054 25.9207 1.65312 5.68595
231 16157 28.3345 1.70236 5.46838
50 28786 22.1222 3.92472 5.168
201 20574 28.3993 0.40178 4.74102
601 10455 32.2202 1.82545 3.29657
278 15377 26.7051 2.76018 5.68596
780 3862 34.7387 2.12565 4.33987
82 27028 23.778 3.52359 3.56424
385 20838 28.018 1.53635 3.31552
483 8655 25.3719 2.32743 10.2781
179 19323 27.2681 2.73929 3.32875
459 13765 27.2229 3.48256 4.50077
659 10293 25.8734 3.65422 7.25462
238 22970 26.2211 2.33454 3.03257
164 22758 24.0998 2.22478 5.29786
146 21240 24.3428 3.68061 3.75296
41 28094 23.7466 2.57054 3.05747
301 14631 22.2903 6.50622 4.95593
776 7754 29.806 3.61977 3.60475
423 10538 26.6551 1.66368 7.20097
93 13713 30.7456 0.807721 2.49723
361 20987 26.945 0.977982 3.28656
761 9135 27.117 2.23178 6.41281
496 13528 24.3579 4.73375 4.2577
616 13978 27.8317 1.38835 3.67482
121 16529 21.1115 2.34951 8.31386
698 11263 22.4151 4.14036 7.43336
151 23637 19.9138 3.69131 5.58
25 35862 17.1394 2.58117 5.81562
163 14587 22.502 3.14496 6.74733
471 15158 22.1877 3.45882 6.44768
654 10665 31.3123 0.443985 2.12164
244 22653 12.38 5.77435 10.6479
62 28905 18.7591 3.2622 4.83003
736 6891 27.6366 2.42356 5.41432
318 15028 26.5717 1.56195 3.38077
406 14801 14.4509 7.32648 9.57195
306 17217 20.7092 4.07808 5.48683
217 23711 23.0706 0.994765 3.92539
200 16042 13.3557 5.94682 11.3281
95 26417 16.1059 6.47096 4.28007
277 21046 18.165 2.85475 7.577
466 12827 24.9575 2.33434 4.46422
770 5393 13.8488 5.93248 15.8893
92 16092 23.399 3.30421 3.59907
143 29616 20.5569 1.62126 3.55555
114 18228 24.6851 1.70994 2.93155
502 17461 23.5092 1.93286 4.1483
212 14511 17.5809 4.43754 8.738
374 15065 16.7987 5.16483 8.51744
142 14392 18.9993 4.28876 7.33132
787 8289 27.5401 1.64806 4.29826
340 19115 21.344 2.57652 4.73153
57 23602 15.7667 4.25515 7.05641
470 12206 17.4642 4.33382 9.55286
508 14204 24.6962 1.76674 4.00677
391 13945 26.2837 1.84779 2.40713
723 6085 31.0542 0.96682 2.45673
409 15558 23.4418 1.89694 4.41817
88 30864 18.8511 1.88473 3.92506
137 25021 21.2189 2.89367 2.27029
283 18775 22.7038 2.84877 2.94583
497 11740 24.5039 2.16867 4.61942
17 18404 22.4157 3.42877 2.69562
695 11690 20.6261 5.46216 5.14784
23 33826 16.0754 2.61551 4.93522
850 2792 28.7392 3.93908 3.94185
494 10436 23.8522 4.61542 3.1776
37 18269 20.3992 4.1195 3.64386
139 25720 15.6684 1.5521 8.36385
620 9794 21.9458 2.82089 6.93508
22 40007 13.7716 2.79029 5.03068
19 37005 15.8584 2.74051 3.74545
613 11049 24.0679 3.78795 3.1907
635 10149 20.9878 3.37319 7.00033
70 22766 19.5549 3.042 3.71323
452 10489 15.2257 5.46042 10.4587
437 17530 22.3785 2.08299 3.57172
297 18961 20.8498 2.64671 3.96668
67 29592 18.022 2.40998 3.55767
640 7181 21.661 3.6114 7.42164
343 17528 22.6102 1.24543 4.07153
440 11693 26.2209 1.3416 2.69471
177 17470 20.2973 4.08568 3.46384
256 23603 16.9492 2.13172 6.58104
800 4840 27.6355 2.51533 3.91422
360 13446 21.7147 2.28864 5.41197
192 16679 21.5005 1.95375 4.63491
220 25888 16.6702 3.72839 4.51389
209 24962 15.0535 3.10022 7.03298
356 16351 23.5276 1.10626 3.50693
1 35424 13.9058 4.23285 3.88175
5 40055 12.2729 4.26812 4.26831
427 19187 15.6582 4.09772 7.14412
433 14355 19.363 2.71802 6.68742
116 25540 17.8875 1.94097 4.92263
266 12543 15.8722 5.47135 8.16568
135 18205 20.3235 2.69455 4.16383
376 16741 24.1641 1.42863 2.1219
213 4699 31.059 0.541984 2.13475
274 23622 19.8866 0.756974 4.57586
330 15463 22.7956 1.8829 3.42861
178 24190 19.1995 2.80215 2.9316
313 16865 20.9363 2.04746 4.35434
230 16143 16.6237 3.50633 7.20578
191 17310 17.6877 3.06836 6.08001
422 14674 17.2021 4.26515 6.35775
8 31937 15.5997 3.11266 3.30965
160 18522 19.8904 1.9186 4.46395
228 18071 18.9928 2.52038 4.9246
240 20233 18.4351 3.58513 3.52216
117 22129 16.2138 3.22691 5.42639
321 17607 20.487 3.00387 2.97357
795 4539 23.4529 5.51093 4.03149
726 12153 23.4887 2.57553 2.60388
141 21037 19.6096 2.08687 3.48669
399 13997 24.4927 1.27546 2.00521
225 18176 21.0703 1.32905 3.68411
401 11640 21.3014 2.97304 4.47381
32 35728 14.9943 2.94651 2.64755
243 19760 18.013 2.84126 4.46022
309 15521 19.1093 1.77309 6.02196
172 24808 17.145 2.47038 3.98692
101 17908 17.6291 3.67346 4.54269
666 11111 23.9907 1.67103 3.0147
153 15287 16.1069 3.01455 7.71779
476 10954 21.2039 4.53985 2.92216
105 30309 14.7676 3.90158 3.00502
527 12075 17.8398 3.54655 6.68071
436 19097 22.3011 0.220619 2.61401
815 5301 26.4517 2.45979 2.72216
742 9953 20.6729 2.99015 5.18712
180 22762 12.1387 4.47892 7.09949
195 17842 19.7052 2.37081 3.29015
674 10776 24.9241 1.28427 2.10107
847 3105 28.1897 2.58445 2.33541
351 13248 20.2286 3.34373 3.54227
696 10336 15.1427 4.51295 8.63597
341 15498 21.9447 1.29444 2.72259
639 3631 25.5394 3.69459 3.06738
377 15335 17.9183 2.71105 5.22729
106 25026 17.5046 1.78303 3.12766
576 9556 21.2291 3.90048 3.28097
156 24237 16.0293 1.87228 4.70873
418 14647 18.071 2.48899 5.50794
211 16958 20.8863 1.01461 3.16761
672 7676 16.0484 4.99546 8.23875
233 17289 19.4228 1.20156 4.23883
709 8125 21.3565 2.75774 4.84536
131 24851 13.4681 4.65671 4.08394
419 19983 16.0189 3.62363 4.18741
668 8385 21.4842 4.11226 3.13049
542 14689 17.751 2.60886 5.3974
176 25064 14.2864 4.46372 3.29138
229 19536 15.6458 4.17655 4.0448
614 7243 23.2869 2.9027 3.01786
203 11153 15.5318 3.17205 8.44981
148 28687 17.4669 0.37478 2.93076
586 12024 20.6645 2.85452 3.21186
224 17620 18.5713 2.2382 3.4302
564 12877 19.5358 3.05001 3.49146
446 15200 23.0024 0.259362 1.72211
150 18702 17.5118 2.662 3.44772
700 7588 20.3846 2.062 6.13653
147 20982 14.4784 1.51052 6.76024
628 11838 19.4546 2.63345 4.25152
588 14742 17.6126 3.14351 4.2904
293 6985 18.8218 3.33875 6.61135
29 29144 13.3032 1.88609 4.85264
594 8474 20.0069 1.62132 6.19905
510 12606 18.5006 4.09257 3.14962
711 7043 22.7604 3.20161 2.56409
390 16739 17.3438 1.41411 5.16589
833 6680 20.7626 4.62153 3.24741
276 19438 20.2479 0.165202 2.43869
441 17091 21.3764 0.227396 2.05096
16 22189 13.9231 4.28781 3.61365
4 40910 11.8809 0.179489 4.37917
846 2479 25.4922 2.9708 3.08345
553 13348 19.0651 2.33625 3.55128
759 5961 24.7961 1.88768 2.08067
382 15853 17.2509 2.33726 4.20636
246 19798 16.0228 3.07018 3.20673
337 17794 15.5778 3.40446 4.0431
733 9121 22.1096 1.46777 3.20628
515 11092 20.6374 2.1923 2.96318
149 24119 13.8453 2.66227 4.24314
311 10610 20.2865 1.70043 3.99109
600 7905 16.2823 2.89704 8.18439
61 17544 18.0288 2.17984 2.73105
292 13426 15.7712 4.63278 4.16295
430 16083 17.8853 1.93518 3.61817
839 3041 25.3019 1.03721 4.22345
42 4370 21.5033 3.0761 4.83645
353 10915 19.2172 2.16641 4.16521
239 25903 14.649 1.5525 3.69709
329 14399 20.1265 1.72246 2.13271
30 29347 12.42 4.26656 2.15373
375 17605 17.2074 1.31244 4.15029
504 11465 20.3938 1.64427 3.1022
608 12998 16.9757 2.98839 4.44326
365 13032 17.4507 1.92199 4.98419
279 16179 19.8359 1.33787 1.84896
218 22442 14.6744 4.33705 1.73021
86 31043 13.0381 1.15016 3.90526
75 14388 16.8405 2.98123 3.83039
271 17599 20.0703 0.423365 1.88427
45 34311 13.5266 0.427053 3.16141
136 19401 14.2347 4.08458 3.307
740 10166 22.6744 0.644897 2.05897
73 25106 12.5422 4.61579 2.43031
46 26175 13.0733 2.63788 3.52854
472 18401 13.049 4.58812 4.1793
550 12993 20.5334 0.87703 2.52994
181 20139 16.229 1.37939 3.5122
683 9800 15.8509 2.57723 6.93169
444 4155 26.0636 0.844861 1.88837
641 9062 16.8844 3.34909 5.43693
281 9138 21.2857 0.196957 4.07687
275 18997 16.9166 1.16042 3.2559
252 20303 17.0164 1.72088 2.10571
530 10745 22.2085 0.861146 1.61663
55 23681 13.8855 1.47534 4.28969
797 7276 19.4989 2.38295 4.6044
645 11621 18.4267 2.05516 3.62664
262 19103 18.2903 0.173734 2.59836
138 8389 21.656 1.27401 2.79041
286 21565 14.5744 2.21612 3.38321
792 6821 22.8225 1.92932 1.84078
782 5184 23.0857 2.49234 1.96639
708 6827 23.6822 0.783977 2.00847
521 11565 17.2527 2.0374 4.65131
556 13540 17.0547 1.75024 4.24175
260 21554 15.1061 1.93983 2.89077
671 10318 18.985 2.30331 3.14886
486 16168 16.9415 1.7628 3.15449
631 11071 17.8458 2.82774 3.37159
165 22712 12.4149 3.7801 3.26395
756 7459 18.5691 3.2333 4.06098
837 4016 18.1138 4.63264 5.39056
844 1353 24.3954 4.051 2.26937
566 11178 19.7844 2.13897 1.88061
129 23296 12.3138 4.20293 2.57237
175 21474 16.2429 0.387047 3.04575
618 9520 17.6216 1.77225 5.07293
167 18544 17.1801 1.15256 2.27189
724 8216 19.6786 2.58412 2.84139
693 5282 25.068 0.248142 1.57803
725 6095 24.222 0.362005 1.75468
47 20842 13.5876 3.53484 2.56801
663 6890 18.4769 3.20108 4.1463
215 15171 16.2898 1.53921 3.96892
629 10333 20.3105 0.882934 2.59689
166 24305 14.3581 0.904065 3.09228
316 17706 16.2216 1.49089 2.80333
104 20655 12.9558 4.46226 2.03217
110 21878 13.7583 1.44432 3.77535
132 21769 15.188 0.905327 2.90321
447 12102 10.9137 3.72696 8.0986
216 25441 11.3443 4.30665 2.12375
730 9006 19.4963 1.22392 3.49982
350 15349 16.3016 1.68635 3.28534
598 12472 14.371 2.74269 5.36773
325 17991 17.0068 0.774492 2.4337
202 15414 13.8636 2.28808 5.0194
168 14614 17.8494 0.982081 2.62616
495 13760 20.2254 0.286228 1.29919
727 2814 20.4857 4.63754 3.09241
651 12802 15.8094 1.82403 4.54641
450 9118 13.9513 4.96709 4.98998
389 12809 14.6848 3.14111 4.28157
333 16507 13.851 2.14059 4.56174
219 17536 13.7387 1.94706 4.41956
221 21456 11.5595 4.26758 2.86754
223 21098 11.1336 2.39068 5.20856
242 17230 14.0861 3.76649 2.26493
748 5429 16.3713 2.18698 7.31356
549 12033 15.3159 4.55215 2.39227
592 9128 17.2832 1.96877 4.42219
363 14328 15.7396 1.27594 4.24137
197 21507 13.5293 1.74499 3.17819
798 6145 19.208 1.45079 4.48622
703 8766 17.0079 2.66895 3.92687
825 2130 20.8537 4.17751 3.31356
335 15133 17.519 0.829036 2.27631
91 22706 13.28 1.20512 3.33292
836 3068 23.0153 0.80129 3.52355
673 10741 18.2811 1.47357 2.75256
537 1534 23.2367 1.9024 3.74919
299 13179 13.079 2.7636 5.34268
272 17131 13.1253 2.31575 4.12637
477 17462 16.1644 1.41939 1.85721
783 7874 21.5725 0.761987 1.44028
538 14378 17.7271 1.3253 1.58265
554 11365 18.9225 0.806549 2.13568
207 14151 13.0713 4.60792 2.88274
785 7031 14.7626 5.55103 3.7581
379 18891 14.8524 1.01851 2.82105
768 6264 18.0882 2.14249 4.265
443 13047 12.6825 4.40893 3.77658
735 7082 15.4774 1.57271 6.82229
332 16171 16.042 1.91452 1.59415
520 10868 13.9871 4.14975 3.69192
346 12793 15.9904 1.35454 3.59635
630 13306 15.9035 1.88496 2.92734
339 15486 12.7206 3.89936 3.13406
541 13778 13.2527 2.55663 4.61375
467 6578 20.563 0.998573 2.4855
190 17828 11.9498 2.47915 4.36599
611 9529 15.0819 2.98833 4.26204
667 10706 16.7052 1.40565 3.61859
760 6646 18.3074 2.56479 3.01306
214 25974 11.5893 0.810601 3.47867
449 14593 15.4488 1.75556 2.59328
744 7630 18.8885 1.55998 2.69424
398 9712 16.1421 1.66547 4.11539
416 15638 16.4589 0.739552 2.06545
71 17047 12.9288 1.11004 4.60847
543 12885 15.1135 2.00155 3.16788
484 15571 13.366 3.63444 2.12721
87 22375 11.5354 1.43846 3.6736
404 8726 17.3571 2.42653 2.45151
585 11826 13.0099 4.11641 3.57011
465 16538 13.6764 1.02046 3.97103
347 16678 14.7598 1.21836 2.62627
52 13428 11.7657 2.88819 5.26349
548 10921 17.3466 1.33002 2.34859
581 15352 10.3247 3.01652 5.7324
643 7841 19.7449 0.698649 2.10681
791 4935 20.6052 0.830346 2.87627
49 26155 10.218 1.22795 3.70656
830 5599 21.9913 0.166441 1.66785
531 5907 18.5113 1.50532 3.55915
507 14487 13.7742 2.10702 3.34212
578 8520 14.7052 1.63307 5.6624
747 7272 18.0828 1.7231 2.88535
575 8948 18.0802 1.16196 2.50389
208 13400 16.4965 0.727356 2.39366
789 4037 16.43 2.3051 6.05571
400 16702 11.4927 2.42331 4.25807
368 17907 12.5705 2.85366 2.28232
609 12585 17.893 0.719952 1.18612
766 3530 9.96722 6.39304 8.66667
676 11619 11.372 5.336 3.45636
222 22887 11.9596 0.588771 3.1965
474 13970 16.1978 1.01923 1.82956
331 20224 13.542 0.191642 2.85679
561 14524 11.9242 3.39553 3.39992
284 17840 13.9207 1.13667 2.33726
439 15624 15.4368 1.0122 1.79494
367 14296 12.931 3.84694 1.94729
111 20179 10.9759 2.59242 2.87322
526 11475 12.3133 4.29409 3.2827
403 17728 15.9071 0.781931 0.577069
478 11899 13.2076 1.60038 4.84646
118 12766 15.1169 1.60583 2.51689
626 8546 13.1473 4.8905 3.25337
145 11674 13.6859 2.27746 3.74336
713 6495 16.1687 2.51986 3.74629
458 17130 10.3458 4.07168 2.95186
380 15796 10.8856 4.20272 2.76401
532 9208 18.3515 0.542857 1.83949
80 18097 12.4328 1.92247 2.48863
498 9544 11.9889 5.16169 3.37178
273 16907 14.2349 1.33533 1.69782
612 9343 13.9794 2.0665 4.54579
699 9924 8.74153 3.60676 7.93587
83 10911 15.6266 1.39846 2.76562
155 21647 9.61174 2.94199 2.95491
438 13614 12.8809 3.91121 1.7606
684 11900 15.3375 1.54017 2.39709
248 11120 14.7858 2.00347 2.83306
605 9690 14.1446 1.78029 4.38361
144 19592 11.4085 2.46175 2.17648
824 4254 18.2307 1.88325 3.3812
245 17398 11.0761 2.368 3.37468
372 21302 10.5403 2.43009 2.43584
362 11284 15.6658 1.22334 2.44892
646 1254 18.0691 4.5228 3.76319
774 4881 15.749 2.66648 4.45938
89 20222 12.7654 0.417583 2.45168
412 19156 10.6871 1.437 3.86534
407 16213 14.7633 0.851713 1.45152
638 11399 13.9815 1.05063 4.07568
159 18796 11.1688 1.86731 3.01277
514 14359 15.0543 0.958529 1.73371
525 13768 13.8263 2.22303 1.90457
682 9095 17.2319 0.79421 2.12245
193 16171 11.9039 1.47645 3.53813
15 18828 12.2653 0.942747 2.6738
34 27389 9.65032 0.266323 3.13235
267 16029 14.0722 1.37285 1.45203
342 17813 13.0784 0.914682 2.20259
617 12082 14.1663 1.63055 2.69052
303 16284 12.0504 2.02173 2.62811
269 16186 10.8617 3.43779 2.43848
370 9571 16.3354 0.8732 2.39778
98 25636 7.94849 1.73709 3.66812
432 15415 10.6926 2.61052 3.51304
519 14050 11.8578 3.50696 2.00992
475 12286 10.5109 5.12456 2.50782
396 13474 12.8257 1.53339 3.20093
488 11705 10.4858 4.07738 3.75962
358 12257 15.1467 0.96634 1.8202
818 4827 19.2993 0.863406 1.86333
786 6322 15.6908 1.01546 4.30389
395 15518 12.7237 1.46727 2.23374
355 10088 13.9297 1.10422 3.79599
235 12249 13.1063 1.41605 3.25436
574 11772 13.3124 2.40491 2.25667
545 7626 14.2092 3.0454 2.81648
296 16353 11.557 1.15508 3.29972
803 5206 17.6178 1.24305 2.69832
259 17552 12.2009 1.15724 2.14554
298 14367 10.8902 2.78151 3.08442
678 9982 15.5799 0.749636 2.39315
551 10319 12.4085 3.91075 2.22659
582 16183 13.8391 0.735703 1.38943
348 17012 10.2396 1.75976 3.60782
304 15035 12.5913 1.36512 2.43044
544 15729 11.4136 2.55556 2.12658
555 9395 17.5622 0.176863 1.18313
681 10801 13.5903 1.63955 2.98537
516 9846 12.8587 1.67995 4.11168
632 8867 14.9998 1.44322 2.69948
456 14210 10.8976 1.26545 4.42679
349 14180 12.8788 1.37492 2.32078
76 21892 8.3485 1.12672 4.18601
731 6757 13.4478 2.29365 4.47949
686 8495 14.5705 1.05379 3.57741
657 6072 16.6845 1.15002 2.78161
386 14094 13.9179 1.43 1.17592
662 9017 14.6939 1.75163 2.38823
130 20027 11.4275 0.471934 2.2333
397 8013 14.9316 1.94802 2.4337
387 15185 11.9386 1.30295 2.65739
790 3873 14.0845 3.48587 4.37447
763 8589 13.2094 1.69904 3.96441
604 9087 15.0498 1.02721 2.50035
738 7449 17.1071 0.713068 1.63462
383 17437 11.415 1.98204 1.45065
442 8983 12.4593 2.07735 3.99732
315 13287 13.962 0.270632 2.21877
289 12011 11.298 2.44255 3.2637
505 10944 12.874 1.41681 3.20711
655 6917 12.4321 3.34122 3.84511
72 21736 10.9228 0.42376 1.84447
817 4672 18.3076 0.58073 2.19934
334 14657 10.5418 1.76135 3.50261
807 7405 12.7324 1.77395 4.707
572 12308 10.7115 2.34412 3.65948
196 15650 11.1288 1.81703 2.26153
687 9008 11.1651 2.73861 4.30042
169 21313 8.42535 0.961196 3.67713
649 9583 16.274 0.392108 1.16492
707 6977 16.4825 1.2519 1.52138
560 4912 14.5779 2.0392 3.93382
568 5826 15.3252 1.82607 2.7559
227 19025 9.96142 0.645039 3.11668
359 15025 10.9167 1.23095 3.09656
685 9735 13.1188 1.45099 2.98591
719 8040 15.7202 0.840529 1.8132
571 14290 11.6298 1.13827 2.56907
249 11725 10.866 2.42438 3.15776
749 3701 15.539 2.07754 3.51977
357 13897 11.8603 1.14441 2.36074
426 10571 11.4494 2.8709 2.51684
288 8090 13.2684 1.23655 3.57679
366 16116 10.178 0.939766 3.23484
610 3259 18.2107 0.616674 2.47607
411 16207 11.1529 0.823631 2.2585
194 18585 10.3736 0.95798 1.99492
513 12323 11.8147 1.34412 2.69083
402 15205 12.0958 0.506129 2.01492
769 5515 17.2373 0.658926 1.5556
454 13425 10.8351 1.37245 3.04991
247 17382 10.928 0.449903 2.20698
621 14790 11.2327 1.09944 2.26547
420 10729 13.66 0.561041 2.13671
823 5423 15.6986 1.16394 2.4615
204 20040 9.49391 0.459932 2.5709
642 12837 10.8582 1.07158 3.39534
371 14002 9.58914 2.0824 3.11942
593 9405 11.4015 3.37769 2.11428
822 3844 17.0118 0.785246 2.5774
567 5780 14.9579 1.58397 2.42685
752 7098 15.4982 0.772941 1.8739
99 6601 16.678 0.140821 1.54203
126 21005 7.4325 0.992504 3.50507
806 6442 15.0165 0.952663 2.38884
745 7007 11.6587 1.63595 4.71598
670 8672 11.463 2.815 2.71628
737 8318 11.6316 3.76337 1.76829
794 5848 10.926 1.88141 5.82482
732 9593 12.2769 1.34127 2.85059
369 11675 12.355 1.04041 2.05613
428 17767 10.4273 0.419746 2.03324
522 13041 9.37258 1.67738 3.60604
270 18786 10.052 0.948672 1.36642
394 10158 10.2 1.56515 4.16544
414 16824 10.04 0.926073 2.05317
587 13360 9.92875 1.7744 2.72514
820 4144 13.6916 3.75455 2.09464
853 1816 16.31 2.22532 3.1678
392 16620 9.56916 1.26311 2.22625
661 8315 11.9205 1.59871 3.19694
558 8145 11.5625 1.85732 3.37299
796 5560 16.4214 0.893036 0.989688
206 9429 11.5031 1.45088 3.09503
565 12153 11.8877 1.00739 1.82672
705 5594 14.1911 1.22265 2.84096
319 16188 10.1771 1.02205 1.77507
528 9832 12.3734 1.02515 2.24897
461 14100 10.8502 0.863043 1.9304
388 10915 10.2381 1.46435 3.36712
251 18521 7.33954 1.10151 3.46565
417 8877 10.3322 3.72523 1.99337
634 11435 10.7148 0.739485 3.29912
728 9456 11.2917 1.47692 2.92403
826 5580 15.2489 0.861829 1.80782
226 9308 12.1813 1.05158 2.48081
410 16590 9.71733 0.903491 1.74568
499 11930 10.9236 0.98258 2.39715
108 14464 10.1587 1.13282 1.86172
305 10688 11.6151 1.10359 2.11912
236 15138 8.55423 1.27446 3.04306
636 8329 12.7498 1.09497 2.19755
352 17886 8.91902 0.652662 2.15387
664 6012 12.9866 2.447 1.86981
793 6072 14.7145 0.860419 1.68384
434 10439 11.1618 0.720542 2.92482
788 5333 14.6709 0.632092 2.38376
460 15716 9.31335 1.1124 1.95177
482 11372 11.6388 0.736632 1.85048
580 13138 11.1756 0.295545 1.9538
354 13771 8.36684 1.33527 3.44965
518 9808 10.8387 1.95497 2.14773
480 18124 8.87661 0.34379 2.15028
781 4046 13.4298 2.75463 2.25967
310 18345 8.85112 0.107478 2.29963
364 10806 9.79674 1.99547 2.59625
327 10920 10.4852 1.2618 2.55003
489 5165 13.113 1.26537 3.17693
828 6148 11.8242 1.30338 3.72551
264 17282 7.43315 0.927079 3.16241
677 7659 12.1237 1.91555 1.87054
660 4737 13.226 1.11193 3.42359
767 5354 13.968 0.904824 2.34239
596 9099 11.5876 0.868749 2.51598
813 8133 10.6198 1.04632 3.80274
232 13893 9.20124 1.07459 2.31573
481 7812 9.88169 2.17119 3.46413
328 15893 9.53743 0.671701 1.5347
294 15590 8.70155 0.552948 2.59787
799 6441 11.9849 1.69648 2.4751
715 7458 13.3318 0.532357 1.68192
258 18062 6.92582 0.887945 2.92376
125 3560 13.9742 1.03128 3.1957
261 16587 8.59091 0.814382 1.8782
650 12023 9.20821 1.04838 2.92552
40 10181 9.9524 1.22312 2.84625
746 3851 13.1518 2.38395 2.36357
633 11307 9.92453 1.30088 2.04114
308 12161 9.28972 0.739865 2.83003
758 5761 13.5672 1.02064 1.68571
778 7019 13.2344 0.681214 1.41998
679 5644 10.1713 3.5078 2.44036
445 13115 7.92185 1.13299 3.12324
503 11188 10.0533 0.992587 1.9634
777 5450 10.7966 2.16237 3.22304
448 13328 7.22867 1.30535 3.45128
429 9919 10.4895 0.892939 2.06423
648 11305 8.35394 1.05196 3.34165
453 10594 9.69404 0.856536 2.49819
717 7596 10.848 1.13181 2.6114
656 9977 8.1792 1.54252 3.57277
702 4303 12.9515 1.43302 2.31697
464 10102 9.38831 1.25698 2.50366
701 9504 8.57115 1.30376 3.53694
809 1785 10.1394 6.27814 2.47504
706 5655 13.8237 0.363581 1.40867
729 5196 12.4794 0.707695 2.68557
591 6538 10.9588 1.30564 2.72345
739 2216 14.9142 1.12867 2.14806
463 6788 11.6651 1.14247 1.82078
462 13362 9.05865 0.882675 1.35821
584 9977 8.40493 1.27545 3.08096
487 11252 8.43007 1.09731 2.5448
425 13008 7.88649 0.838994 2.43603
590 8025 10.0664 0.653743 2.86345
523 10970 7.41963 1.34496 3.29751
599 8198 10.4863 0.841594 2.08378
751 1984 14.7504 0.931807 2.28639
589 7507 10.1311 0.957826 2.59483
569 12488 8.71068 0.886568 1.5223
241 15594 6.46079 1.45219 1.84273
539 10283 9.96299 0.4343 1.70484
811 4042 9.9082 2.54732 3.3592
577 10720 8.27351 0.777944 2.70604
623 5355 11.9507 0.329437 2.4303
842 3876 13.1628 0.664642 1.89489
317 12492 7.41972 1.1805 2.16027
721 8088 10.0355 0.909831 1.99684
606 10161 8.00719 0.913882 2.87988
772 5947 11.0735 0.829585 2.22328
624 5706 9.00591 1.40074 3.85676
74 8873 10.8437 0.317271 1.19892
557 6553 9.41028 0.80923 3.42373
812 6805 8.89093 1.42964 3.11334
323 15722 7.58472 0.0783962 1.47769
805 6566 10.8496 0.827923 1.87462
810 4065 13.4776 0.613348 1.14007
741 2791 12.4215 1.37547 2.41579
819 4137 11.309 0.970216 2.60147
855 1703 14.2316 0.816679 2.09657
473 10740 7.81966 0.731617 2.34389
835 3978 11.0556 1.16057 2.64799
771 5036 12.4712 0.215672 1.36737
814 5220 10.6814 0.815214 2.39315
517 13901 5.49339 1.34832 2.47185
775 2107 12.5996 1.13216 2.7448
697 5411 10.5702 0.727256 2.30316
546 5557 10.499 0.878604 2.11784
511 11066 7.10353 0.828991 2.49725
829 3210 10.4849 1.55839 3.17845
652 9477 7.34194 1.30242 2.44283
757 5485 10.2248 0.963262 2.06507
704 5288 10.6431 0.776035 1.79477
603 10779 8.20812 0.786876 1.09421
750 7351 7.88125 0.741298 3.03847
773 7762 7.8622 1.40629 2.15016
762 7828 8.10857 0.750257 2.44594
64 8404 7.963 0.905202 2.08208
843 3844 11.4956 0.665192 1.7152
381 8941 7.89584 0.240545 2.44774
831 3531 10.8147 1.10359 2.04605
834 5503 10.4309 0.74683 1.29312
801 3472 8.4989 3.85815 1.54593
755 6973 8.87718 0.815456 1.6235
714 7184 8.67083 0.236613 2.26439
821 6180 9.64228 0.876345 1.25885
764 1989 11.5454 1.30198 2.32791
754 6705 9.33783 0.414337 1.47508
540 10070 6.17471 0.590805 2.61498
533 9504 8.14186 0.594141 0.899278
832 4755 10.1441 0.970999 1.28955
573 2352 11.9842 0.83965 1.62179
535 7906 7.16626 0.874067 2.32156
468 2013 11.2336 1.13287 2.27685
602 8043 8.1387 0.0546085 1.9417
710 5155 9.53517 0.760943 1.46528
691 5951 8.03197 0.937214 2.24692
524 7458 8.73971 0.305254 1.23165
849 3258 11.0417 0.659973 1.47262
669 8059 7.02645 0.738452 2.1345
290 4483 10.103 0.697333 1.34392
625 3775 8.29756 1.09433 2.67211
716 8953 6.40118 0.864879 1.3809
827 3433 9.78412 0.704802 1.51411
688 5093 8.62458 0.465834 1.5493
479 8262 7.07678 0.571684 1.03041
848 1841 10.8895 0.824719 1.70175
435 7949 5.84963 0.494094 2.43617
753 4530 9.00931 0.662505 1.01627
838 1683 7.13572 3.92251 2.14653
421 8646 5.32829 0.627167 1.82247
816 3371 7.42515 0.990881 2.83653
852 2068 9.49869 0.570793 1.81811
854 2928 7.60442 1.00365 2.33034
851 2262 7.37505 1.37513 2.80579
804 2312 8.26342 1.34934 1.55666
734 4889 5.17367 0.535295 2.28898
845 1737 8.18273 0.754146 1.46156
808 2843 6.47758 0.74591 1.85189
493 3453 6.97259 0.324996 1.08172
840 1414 8.24403 0.751056 1.2024
720 1651 5.91113 0.765389 0.462724
