784 6135 48.7715 53.9061 62.8038
188 13945 44.6366 49.7054 57.9985
234 21084 42.9232 49.8306 56.1417
53 32321 39.1803 44.2845 52.5105
161 20207 44.1629 45.8059 48.1029
56 27757 39.6213 44.8736 49.5216
563 6850 42.9091 46.2055 50.0461
237 23553 39.843 43.6605 48.4356
186 25425 42.5309 42.779 44.0764
607 13935 39.6861 43.9759 49.4201
307 12135 36.7391 42.9906 51.8146
492 9914 36.8408 43.4793 52.2445
619 5891 39.5694 43.5777 50.7894
254 27686 38.8222 41.5008 44.4155
174 20098 38.4642 42.6448 45.4193
322 13969 39.6834 41.851 46.4108
96 22751 35.2123 40.2005 47.3274
302 19649 37.2115 39.9193 44.0031
780 3862 43.6659 42.1492 42.5959
570 10717 37.6404 40.9272 45.4845
255 18620 35.7123 38.5349 44.3961
601 10455 38.462 39.6721 42.4522
250 19562 35.9301 38.3768 42.0037
373 14758 39.6352 39.425 36.9804
93 13713 38.0207 38.1861 40.2612
133 21768 36.9879 37.4177 38.2769
201 20574 32.7715 36.7164 42.5526
107 28780 30.2871 34.6331 42.6427
413 13909 32.282 36.1166 43.1667
79 21168 47.8654 32.7421 28.12
424 16529 34.285 36.6041 39.4365
405 17162 35.7864 36.3697 37.876
12 38413 30.667 33.7106 39.1446
779 7733 34.136 36.9396 42.3587
231 16157 31.4566 35.6104 41.5741
654 10665 39.2153 36.5542 35.0119
198 23030 29.2178 34.0708 42.5469
616 13978 33.832 35.5268 38.7046
268 19181 36.2487 35.116 34.6105
776 7754 34.1 37.8872 38.5158
385 20838 32.2457 35.0794 37.4515
455 20012 36.3042 34.3786 33.8111
534 9879 37.9782 35.9241 34.5138
78 23054 31.3051 33.1536 37.1671
483 8655 35.7592 33.5757 38.1473
583 12285 34.8765 34.4444 35.9877
761 9135 35.0881 34.2037 36.78
536 15416 34.4666 33.0626 34.9813
287 23626 31.658 32.736 34.7321
459 13765 30.8994 34.3827 37.0625
162 22367 34.3657 32.5861 32.0421
800 4840 33.1059 35.4255 38.3936
736 6891 32.1552 34.1868 38.8048
423 10538 27.4424 33.5094 42.095
723 6085 38.1717 34.7948 32.2372
318 15028 33.4826 32.764 34.339
179 19323 31.9462 33.0143 33.9669
48 25945 36.9319 28.3728 31.1272
14 41386 29.9967 30.6196 31.3817
659 10293 36.4381 31.298 34.0312
213 4699 37.194 34.7875 32.8321
278 15377 32.5616 32.1105 33.7245
850 2792 33.4414 35.9105 36.1262
39 32657 31.4771 29.7775 31.2445
100 29002 27.1957 32.2165 33.7914
391 13945 32.8668 32.7367 32.5321
847 3105 34.5007 34.8814 34.3641
82 27028 27.6553 31.4364 33.3216
238 22970 33.1571 30.837 28.9814
114 18228 30.9882 31.278 31.4017
338 17624 32.0216 31.0663 30.6596
508 14204 28.5108 31.2945 34.9806
815 5301 33.1987 32.8951 32.5132
839 3041 29.979 32.9138 37.3542
41 28094 28.5891 29.6561 30.7064
3 41049 30.2882 26.9004 28.1495
24 30837 30.1162 28.7784 28.627
44 34674 29.4886 28.4351 28.457
502 17461 26.6712 30.0945 34.4073
787 8289 35.4377 31.5863 28.0252
409 15558 29.6791 29.9496 32.0307
361 20987 31.7558 30.6134 27.2451
497 11740 27.7058 30.0083 35.2051
146 21240 35.7561 28.1835 25.157
121 16529 23.8051 28.7317 38.1672
217 23711 28.3685 28.7163 30.9969
613 11049 28.6833 32.0209 32.2094
356 16351 29.2323 29.7055 31.5305
444 4155 33.0175 31.9715 31.574
674 10776 30.6401 30.558 30.8586
399 13997 30.0807 29.9345 30.2345
164 22758 24.8625 28.6514 33.4172
494 10436 27.7099 31.8021 32.1556
759 5961 33.9473 30.8674 29.2832
0 36473 29.0351 27.0712 26.4197
376 16741 29.7745 29.2212 28.9448
846 2479 29.2959 32.5957 33.5858
466 12827 31.8885 29.1441 28.0903
33 36666 29.9767 27.9297 23.3249
257 23326 26.1627 27.5354 31.1004
693 5282 31.656 31.0209 30.0681
31 33224 28.7785 27.245 25.7195
431 12110 30.186 29.3158 29.3674
666 11111 31.0635 29.0336 29.0695
471 15158 27.9048 28.0245 31.3171
20 42981 25.3574 25.7717 27.5703
283 18775 32.6829 26.8929 25.4502
726 12153 28.1591 29.2665 29.9666
708 6827 29.9262 30.1476 29.8429
440 11693 29.882 29.1768 28.2982
65 26333 27.274 27.2974 27.0697
102 28561 24.6816 26.2549 30.0129
436 19097 28.7328 28.1195 27.1071
343 17528 25.3791 27.5935 31.2747
92 16092 26.362 28.0784 30.128
128 29077 30.4944 26.7963 22.7319
725 6095 30.3106 29.0796 29.7275
496 13528 35.7846 25.8529 23.5127
54 36423 23.8519 25.8256 27.9084
50 28786 30.3107 25.1955 24.1728
393 18728 27.8176 27.1007 27.7334
639 3631 33.1522 29.8868 27.0289
844 1353 26.7349 32.6692 32.9359
640 7181 28.9181 27.601 30.7116
192 16679 30.746 27.0097 24.9159
446 15200 28.645 27.5849 26.9757
183 22871 30.3429 21.8006 28.0044
437 17530 25.5303 27.1728 29.3079
733 9121 25.8429 28.1996 31.6055
163 14587 25.0372 27.2318 30.725
647 10627 28.7648 28.0567 27.7368
301 14631 36.1579 24.0436 22.412
66 33617 21.4843 22.5291 32.3599
306 17217 28.2274 27.1248 26.2048
281 9138 25.2313 27.2662 32.5959
210 22095 23.9979 24.2956 31.3776
225 18176 24.4918 26.2938 30.0413
795 4539 25.6459 30.4135 31.5065
836 3068 27.7387 28.7702 32.0733
594 8474 22.9643 27.0111 34.5679
782 5184 28.6548 29.3753 28.3586
313 16865 27.7476 25.4755 27.3499
792 6821 27.4125 28.5387 28.871
340 19115 23.8975 25.9304 29.3496
137 25021 24.4622 25.854 26.4665
635 10149 25.4178 26.545 30.3662
59 27377 25.7093 24.8371 25.2351
42 4370 27.4865 28.6055 29.6177
441 17091 26.1942 25.8864 27.0725
576 9556 23.6383 28.7705 29.8077
709 8125 33.2356 26.3728 23.3089
280 19468 23.6389 25.4692 28.831
151 23637 24.3494 25.4048 26.7502
506 14199 26.4562 26.2916 27.0407
668 8385 24.1706 28.809 29.0643
330 15463 28.0831 26.4767 24.026
233 17289 22.9264 24.961 29.6094
537 1534 26.8511 28.9484 30.9244
711 7043 25.9299 27.7293 28.5794
740 10166 27.306 26.6179 26.5038
187 26230 27.0824 24.6382 22.5924
103 26391 25.7071 24.3746 24.1744
160 18522 27.1808 24.5032 24.7986
360 13446 21.8607 25.6472 30.9081
17 18404 25.4949 26.137 24.7713
783 7874 27.2976 27.053 26.37
830 5599 28.3133 26.9581 26.5978
25 35862 19.5454 23.1346 27.469
277 21046 29.1787 22.0409 23.0513
614 7243 30.5212 26.2851 23.3176
69 23836 24.2862 24.2659 24.5885
279 16179 25.3441 25.4486 25.0643
37 18269 23.4755 24.8129 26.2703
122 22718 24.5782 23.8547 24.3193
476 10954 26.0644 26.0017 25.177
620 9794 20.7558 25.1813 31.8152
730 9006 26.113 25.0368 26.9187
274 23622 23.1301 23.602 25.3631
135 18205 21.9838 24.3296 27.6472
629 10333 26.4624 25.3488 25.3961
595 8223 26.7316 25.8447 25.5992
433 14355 28.5004 23.955 22.7754
530 10745 27.4879 25.2565 24.0747
495 13760 25.5352 25.2484 24.411
586 12024 29.7803 23.7001 22.4616
67 29592 24.3341 22.2166 23.1509
28 32692 21.8532 22.5479 24.366
320 19403 25.6001 24.0083 23.2171
833 6680 24.8465 26.652 27.05
271 17599 25.1969 24.7538 23.4332
698 11263 33.0229 24.1822 18.5801
329 14399 24.9288 24.8178 24.622
276 19438 25.1841 24.0309 23.0797
341 15498 26.085 24.9837 22.7179
695 11690 32.8646 22.2053 20.3407
6 47554 21.3049 21.5927 21.023
564 12877 22.5994 24.5606 27.1207
143 29616 23.9461 22.5708 21.7997
825 2130 21.9268 28.6075 30.3531
351 13248 26.1441 24.0701 23.7198
62 28905 27.2497 22.3114 18.8029
512 9517 26.1532 25.0576 24.3825
101 17908 19.3987 24.6898 27.6107
680 9776 25.0311 24.8669 25.143
228 18071 23.0417 23.262 25.1651
138 8389 26.9881 25.6226 23.0338
645 11621 21.4366 24.7684 27.7458
116 25540 21.3655 22.4043 24.6861
70 22766 26.5364 22.3162 20.2578
2 42870 22.0938 21.1461 20.1418
470 12206 25.9752 21.4651 25.4531
297 18961 27.5943 22.9604 19.5836
35 29742 22.8926 21.8314 21.3322
61 17544 21.991 23.555 24.4953
134 22962 23.5694 22.5745 21.8816
88 30864 21.0724 21.4746 23.0489
85 22171 23.0541 22.5052 22.6813
211 16958 25.1281 23.5298 21.438
321 17607 22.4317 23.8366 23.5545
243 19760 25.1858 22.2007 21.614
177 17470 22.5224 24.1084 22.9359
504 11465 24.3653 24.6459 23.0566
377 15335 23.629 23.0186 23.6793
224 17620 25.0279 22.5096 21.8378
744 7630 24.6442 23.4103 25.7527
375 17605 19.7024 22.6243 26.8867
293 6985 24.1043 23.5894 26.4115
26 35389 24.5101 21.0395 17.8995
553 13348 21.1752 23.1699 26.3193
141 21037 22.7924 22.3579 22.4489
467 6578 26.4286 24.6102 22.7752
550 12993 25.879 23.5529 20.8433
401 11640 29.3596 22.682 18.7525
212 14511 24.5051 19.6976 25.3139
10 37969 20.5544 20.9451 20.4566
139 25720 18.6759 19.2657 27.1992
191 17310 24.3759 21.2875 22.2828
142 14392 29.8118 21.1906 18.0801
727 2814 21.5344 26.9509 27.2704
542 14689 25.3571 22.1553 21.3227
382 15853 22.8777 22.5092 22.9482
700 7588 23.5458 23.1178 25.4711
148 28687 21.2906 21.0573 21.366
256 23603 21.4411 20.483 23.3447
408 19815 23.0875 21.9309 21.4978
415 9586 24.0859 23.5392 23.1347
353 10915 24.3658 23.0514 22.6819
109 26537 21.9366 21.4756 20.8117
95 26417 24.3904 20.1088 19.617
263 19610 22.7364 21.7751 21.6915
510 12606 29.0036 20.6221 19.3168
556 13540 20.4351 22.3101 25.5331
38 30589 21.354 20.7454 20.3087
641 9062 18.2501 23.7292 28.3557
167 18544 21.6537 22.1511 22.2811
610 3259 22.3844 24.12 27.4844
637 5672 23.879 24.01 24.262
515 11092 21.9733 23.2937 23.854
262 19103 22.701 21.6715 21.3367
798 6145 24.6455 23.4183 23.5725
117 22129 21.4468 20.4182 22.6659
374 15065 22.9114 20.5418 23.6611
824 4254 20.9955 24.3482 27.4847
195 17842 23.087 23.0279 19.8525
150 18702 23.1252 21.9649 20.526
200 16042 22.3574 17.7451 26.5095
486 16168 19.9885 22.4073 24.1302
127 23250 22.3063 20.8771 20.7403
220 25888 25.593 19.306 18.1539
643 7841 24.7835 23.2527 22.0528
747 7272 22.5489 23.5718 24.2946
554 11365 23.2728 22.5222 22.3223
230 16143 23.825 19.9274 22.2501
671 10318 27.0687 21.7828 19.654
791 4935 23.001 23.305 25.1647
275 18997 19.1355 21.2623 24.2215
57 23602 21.4773 18.7212 22.6977
215 15171 21.8227 21.4337 22.2784
521 11565 20.8756 21.7927 24.3514
566 11178 22.9213 22.6895 21.4326
403 17728 22.0001 21.0049 21.2854
770 5393 34.5022 15.3039 20.4283
203 11153 23.341 19.899 23.6729
168 14614 21.3968 21.3741 22.4474
311 10610 25.3697 22.6199 18.8775
452 10489 23.4816 18.7063 24.603
538 14378 22.3774 21.4267 21.2242
178 24190 21.1767 21.6498 18.5769
422 14674 21.7067 20.1803 22.8836
252 20303 21.3289 20.8867 20.395
609 12585 22.1529 21.3835 22.0752
548 10921 21.3173 22.1785 22.8277
742 9953 27.84 22.7944 16.0573
658 9007 23.4601 22.2563 21.3893
172 24808 23.7657 19.3322 17.7301
325 17991 20.5691 20.4226 22.1055
663 6890 27.3983 21.2013 19.599
173 22334 20.7476 20.3466 20.3393
363 14328 19.2104 20.4625 24.6998
181 20139 20.3184 20.2234 21.5306
406 14801 26.2511 18.1874 19.6399
153 15287 24.6908 19.3252 19.7937
316 17706 20.5589 20.7348 21.5479
724 8216 23.8808 22.6835 20.5061
154 21416 20.2316 20.1318 21.0371
208 13400 20.4772 20.8381 23.0238
682 9095 21.7138 21.5714 23.0675
23 33826 18.2389 18.5775 20.5979
673 10741 23.5214 21.245 20.6544
282 18439 18.8356 20.0942 23.1381
244 22653 23.8118 15.3253 21.237
106 25026 20.9012 20.1608 18.3736
818 4827 24.0892 22.577 21.5853
531 5907 23.7437 21.995 21.6423
532 9208 22.0657 21.6067 21.7578
696 10336 20.9629 19.1228 24.6855
266 12543 23.0554 18.9071 21.4754
575 8948 22.0864 21.205 21.6002
335 15133 20.4468 20.555 20.783
760 6646 26.8886 20.6355 17.9773
427 19187 25.2419 17.7328 16.8192
756 7459 24.878 21.7966 18.3249
738 7449 21.5895 21.7077 21.6693
597 7743 21.1831 21.2059 22.3677
822 3844 21.5291 22.2334 23.5658
346 12793 19.1301 20.1367 22.7422
527 12075 23.1395 20.0466 19.1342
797 7276 22.8173 22.3138 19.56
735 7082 18.9685 19.9071 25.9248
43 25682 19.3933 19.1308 18.6534
803 5206 22.4347 21.4695 22.0387
628 11838 23.0058 22.1151 17.0648
209 24962 24.1573 17.437 15.6661
240 20233 20.8926 20.5972 17.3351
555 9395 21.2633 20.7428 21.2362
651 12802 18.1081 19.8441 23.65
837 4016 28.5096 19.7276 18.3089
689 8697 19.4263 20.8341 23.2633
8 31937 18.4304 18.8284 17.7076
19 37005 18.038 18.3237 17.0902
430 16083 22.116 20.3313 17.5319
672 7676 23.9738 19.1654 20.5085
600 7905 18.213 19.4987 25.7282
665 8755 21.5243 20.7479 20.6756
147 20982 15.7899 18.0843 23.9067
58 26726 18.7338 18.5113 18.666
350 15349 18.8071 20.1748 20.8776
646 1254 18.9445 24.2883 25.468
246 19798 20.0535 19.3746 18.5347
592 9128 20.4873 20.5639 21.4062
416 15638 19.9909 19.641 19.8541
332 16171 20.2385 19.5755 19.4518
309 15521 23.4732 20.6463 15.3013
152 23077 19.5821 18.8809 18.2166
99 6601 21.5595 21.2588 20.6865
362 11284 19.1113 20.1472 21.7416
588 14742 22.6236 19.8446 16.9566
365 13032 22.8872 19.5713 17.4043
707 6977 20.5602 20.8785 21.4351
559 11625 19.8531 19.5015 20.9995
817 4672 21.7895 21.303 21.2014
404 8726 23.3763 19.7771 18.6214
265 20919 19.2983 18.6155 18.3642
631 11071 20.4239 20.0935 19.5857
683 9800 20.759 18.8373 21.0505
649 9583 20.7109 19.9818 19.8273
105 30309 17.593 17.8096 17.4827
618 9520 23.902 20.1334 16.1472
769 5515 22.3202 20.593 19.5632
439 15624 19.749 18.9774 18.6658
686 8495 16.0508 19.9917 24.6321
419 19983 18.3343 18.661 18.746
29 29144 18.5131 16.4242 17.8261
286 21565 17.4955 18.0296 19.4392
248 11120 20.6711 19.2598 19.1009
853 1816 20.2336 22.047 22.9629
94 27733 19.8991 17.4833 15.3844
474 13970 20.4262 18.8849 18.2
32 35728 17.0402 17.2462 16.0025
786 6322 19.3049 19.3332 22.5018
86 31043 18.117 16.3383 16.9875
175 21474 19.1442 18.1802 16.9577
384 18223 19.2181 18.4099 17.7299
418 14647 24.4774 19.1766 12.9872
83 10911 21.3587 18.6891 18.1962
638 11399 17.5948 18.6746 21.7082
202 15414 19.8418 17.1933 19.106
4 40910 16.7384 15.0657 16.5076
389 12809 19.8139 17.7933 19.5697
300 19927 18.2058 18.0281 18.0866
578 8520 18.9634 18.5105 21.5846
657 6072 20.5721 20.0165 19.8945
514 14359 19.4569 18.6897 18.0798
370 9571 19.8574 19.1713 19.3932
185 23768 18.1023 17.0401 17.5008
358 12257 19.1481 18.4987 19.2379
156 24237 19.0436 17.3804 15.7876
390 16739 21.4101 18.7617 14.6354
703 8766 19.8781 19.8594 18.6195
71 17047 16.0228 17.4823 21.1212
806 6442 17.9104 19.8567 21.7903
477 17462 19.8544 17.6092 16.8357
324 17679 18.2837 17.8401 17.966
218 22442 16.9348 18.0789 17.3493
260 21554 17.849 17.6622 17.1399
407 16213 18.8294 17.9341 17.6848
768 6264 24.8882 19.3657 14.8792
13 26559 15.6493 16.8678 18.2089
630 13306 17.4255 18.3874 19.6282
449 14593 18.5698 18.3592 17.9584
75 14388 21.6671 18.1214 15.1787
239 25903 19.0482 16.8043 14.8356
292 13426 17.5767 18.4805 19.0508
180 22762 20.8549 14.7578 15.878
132 21769 17.2017 17.1709 17.426
333 16507 14.8799 17.3899 21.4085
748 5429 20.1102 18.1288 20.804
51 21939 17.2126 17.3962 16.9102
608 12998 22.806 18.0411 14.031
45 34311 15.4106 16.0572 16.2781
617 12082 17.7075 18.2167 19.1746
273 16907 18.0793 17.4219 17.3895
337 17794 18.9775 17.3952 16.0839
22 40007 16.8099 15.0589 13.9172
582 16183 18.0537 17.71 17.2983
299 13179 15.2147 17.3425 21.6107
229 19536 16.1767 18.1098 17.2158
118 12766 18.4633 17.9498 17.7087
267 16029 17.8078 17.3092 17.5916
89 20222 17.6869 16.8601 16.5758
823 5423 18.8312 19.1533 19.9864
549 12033 17.0866 18.7554 18.4508
541 13778 17.257 17.067 19.1183
219 17536 20.1495 16.4007 15.2397
662 9017 19.5269 18.2496 17.741
1 35424 16.878 15.3749 13.9104
719 8040 18.7755 18.6583 18.5497
166 24305 16.9329 16.3423 16.084
632 8867 20.2455 18.4169 16.85
611 9529 19.6909 17.7334 17.6449
667 10706 19.6518 18.0379 16.6793
355 10088 16.5529 17.4278 20.5598
605 9690 16.4791 17.8 20.4449
507 14487 16.7298 17.3844 18.3819
397 8013 17.2514 18.6103 19.5461
284 17840 17.4984 16.5515 16.7643
379 18891 17.1297 16.6968 16.5803
681 10801 16.7609 17.8557 19.112
789 4037 20.0276 18.3134 19.3053
713 6495 18.5305 19.3806 17.9806
124 19949 17.0814 16.6622 15.9549
796 5560 19.7856 18.0483 18.4988
386 14094 17.8749 17.1242 16.8564
678 9982 18.7622 17.9079 17.0656
197 21507 17.2421 16.3288 15.2238
288 8090 17.4583 17.6017 19.292
752 7098 19.2557 18.2084 17.4514
398 9712 20.197 18.4317 14.8265
598 12472 16.673 17.3252 18.1295
347 16678 16.6332 16.7437 16.9899
331 20224 15.8894 16.1159 17.0027
684 11900 16.8847 17.3141 18.0859
68 23121 17.3743 15.9843 14.6284
685 9735 14.0949 17.9319 21.2426
176 25064 16.5807 16.206 14.2996
396 13474 14.3927 16.8918 20.0039
285 22661 15.8625 15.5606 16.2715
87 22375 14.0574 15.4902 18.1529
457 7800 19.2959 17.9309 16.5886
567 5780 20.448 17.2434 17.2878
543 12885 18.9715 17.1656 14.4983
793 6072 18.3936 18.0578 17.6942
368 17907 15.3448 16.3787 16.7806
579 7259 18.2677 17.5012 17.5437
739 2216 19.0048 18.4223 19.6793
149 24119 17.4787 14.9525 13.827
560 4912 18.5611 17.5285 18.6335
296 16353 14.4553 15.7481 18.7073
349 14180 16.052 16.2578 17.4719
136 19401 17.6093 16.0857 14.0228
774 4881 17.5649 18.9567 18.0371
73 25106 15.6412 15.4587 14.5814
125 3560 18.7116 18.3295 18.2489
55 23681 17.0593 15.0349 13.5596
826 5580 18.4343 17.9908 17.0473
16 22189 17.1365 15.2893 13.4812
81 20396 16.5284 15.3827 14.5729
193 16171 13.6977 15.4232 18.8402
612 9343 17.2119 16.4165 17.2738
91 22706 16.4841 15.0499 13.9355
788 5333 17.4422 17.3536 18.3613
190 17828 17.9998 14.445 14.6363
465 16538 15.2684 15.2827 17.0151
749 3701 19.4839 17.9305 16.9142
785 7031 16.1441 17.7201 18.1617
214 25974 14.2887 14.0554 15.8859
545 7626 16.1153 17.0448 18.4214
715 7458 17.1034 17.2718 17.2794
5 40055 16.355 13.1945 10.676
478 11899 16.9204 15.6353 16.7539
131 24851 17.2723 14.7031 12.3933
456 14210 14.0945 14.8883 19.1659
855 1703 19.194 18.4106 18.3212
731 6757 15.0761 16.7235 19.8655
242 17230 16.1236 16.1651 14.4468
315 13287 16.7931 16.1103 15.4185
516 9846 17.067 15.8715 16.9468
604 9087 17.7725 16.8595 15.6334
47 20842 15.5739 15.6399 14.1079
778 7019 16.5363 17.121 17.6619
690 6695 17.9375 17.1938 16.3634
568 5826 19.0629 17.3274 15.5856
30 29347 15.054 14.3414 13.0569
807 7405 18.1611 15.9162 16.879
505 10944 15.7054 15.919 17.4456
223 21098 16.0062 13.9169 14.9399
743 5069 17.2503 17.1407 17.8173
46 26175 15.8545 14.1579 12.9611
342 17813 15.3446 15.0969 15.2606
104 20655 15.6912 15.0862 13.8125
222 22887 15.0606 14.118 14.6253
359 15025 14.2376 14.9097 17.4659
170 24026 15.144 14.3463 13.6248
52 13428 15.7163 14.9357 16.2335
702 4303 15.8669 17.3536 18.4923
758 5761 16.9687 16.7843 16.9264
841 2816 17.9409 17.6722 17.281
15 18828 15.7966 14.5393 13.9894
525 13768 15.4512 16.0192 14.8134
660 4737 15.9738 16.5082 18.5392
655 6917 18.8289 15.0133 15.6243
484 15571 16.1267 15.1424 13.9733
454 13425 11.74 15.1062 19.187
110 21878 16.3464 14.692 11.7862
420 10729 15.7185 15.5764 15.7814
207 14151 16.287 15.1764 14.0473
766 3530 17.2298 14.5173 19.7037
438 13614 14.8593 15.9646 14.8796
145 11674 17.1089 15.5655 13.6776
642 12837 13.1283 14.5207 18.1195
34 27389 13.194 12.8719 14.4637
842 3876 16.9909 16.3131 17.4692
49 26155 14.2816 12.7531 13.7836
140 22042 14.8583 13.9144 13.1778
129 23296 14.4782 14.0739 12.9139
732 9593 15.6377 15.1263 16.1079
472 18401 16.8583 14.0423 12.1602
520 10868 16.1976 15.6558 14.1469
729 5196 15.5394 15.8294 17.7979
450 9118 17.918 15.3518 13.5152
745 7007 13.2652 14.929 19.7041
442 8983 15.1952 15.0965 16.429
767 5354 16.3882 16.1911 16.2348
367 14296 14.8749 15.2941 14.0022
84 26368 13.7757 12.954 13.001
369 11675 15.3172 14.6575 15.1518
790 3873 18.9554 16.4911 14.2347
751 1984 17.5946 17.1462 16.7
272 17131 15.8564 14.5304 12.3413
130 20027 14.3512 13.6188 13.5998
636 8329 16.2774 15.1778 15.1151
634 11435 12.2508 14.401 18.3055
412 19156 13.0818 13.2186 15.4879
339 15486 15.2722 14.6764 13.1985
366 16116 11.8033 13.6474 17.405
216 25441 13.9205 13.4371 12.219
165 22712 14.7691 13.7122 11.9257
227 19025 11.6888 13.3671 16.4312
11 28504 11.7992 12.0936 14.4399
447 12102 18.9631 12.1126 13.0406
574 11772 15.1603 15.1905 13.8828
565 12153 15.3165 14.2625 14.4274
115 23675 12.8672 12.9974 13.7293
303 16284 14.6206 13.9352 13.542
528 9832 14.99 14.6582 15.2793
235 12249 15.8716 15.2486 12.6527
813 8133 13.1574 14.4483 18.1996
810 4065 16.7491 16.0115 15.6519
763 8589 17.235 15.3606 12.9035
653 8025 15.1503 15.062 15.548
304 15035 14.0828 14.0053 14.2356
705 5594 16.4386 15.7175 14.9482
596 9099 15.5648 14.6589 14.6837
677 7659 17.0884 14.2642 14.2644
519 14050 14.3659 14.3522 13.7105
581 15352 12.2813 12.7583 16.8223
706 5655 15.5949 15.6931 15.3929
348 17012 13.5587 12.7965 14.792
395 15518 13.997 14.0208 13.6331
157 25862 12.9236 12.5593 12.4324
259 17552 14.0927 13.7387 12.8966
781 4046 16.5098 15.8664 15.144
411 16207 13.3434 13.2557 14.5499
585 11826 16.076 14.1703 12.7037
626 8546 15.8088 15.4308 13.266
737 8318 13.5805 16.1452 14.8013
400 16702 15.147 13.2996 12.2385
305 10688 14.5846 14.062 14.5907
664 6012 16.2313 15.2491 14.3253
771 5036 16.2197 15.2372 14.9522
621 14790 14.026 13.3021 14.0084
443 13047 16.7938 13.3888 11.7773
80 18097 14.6887 13.3719 11.7238
551 10319 14.6098 14.4949 13.7513
580 13138 13.6436 13.5795 14.2804
204 20040 11.9975 12.5892 14.2075
571 14290 14.0339 13.3601 13.5701
687 9008 13.9977 13.8817 15.5149
108 14464 13.0243 13.1857 14.6135
194 18585 13.0435 12.9895 13.1649
746 3851 16.1736 15.5836 14.7657
314 22042 12.4228 12.3417 12.9851
794 5848 15.7212 13.5019 15.6104
357 13897 14.4537 13.5046 12.7086
820 4144 15.5546 15.9295 14.5107
828 6148 16.432 14.3177 13.8344
623 5355 14.2531 14.436 16.4139
394 10158 13.0252 12.7684 16.5058
661 8315 14.9308 13.8231 14.4752
221 21456 13.3873 13.0524 11.2066
76 21892 10.1423 11.5972 15.6079
206 9429 13.6419 14.0601 14.6475
402 15205 14.0384 13.1109 12.554
526 11475 14.8459 13.9285 12.3558
712 7951 14.8094 14.1138 13.8391
513 12323 13.4202 13.3651 13.7539
482 11372 13.6058 13.3486 13.9934
171 22019 12.783 12.1812 11.7062
120 20516 13.2359 12.3764 11.5349
90 30471 12.2916 11.1862 10.5304
383 17437 12.8764 13.0785 12.2978
544 15729 13.411 13.1043 12.3496
387 15185 13.98 12.977 12.1162
144 19592 12.444 12.7937 12.1414
18 34168 10.9005 10.8238 11.0507
72 21736 12.6587 12.1163 11.6125
308 12161 11.0713 12.773 16.2102
21 19268 12.9999 12.3829 11.77
205 22133 12.4267 12.0892 11.639
226 9308 13.8292 13.5688 13.9472
562 12630 11.6224 12.7941 15.2663
805 6566 13.5821 14.1931 14.9938
372 21302 12.3568 12.0902 11.7082
699 9924 15.5793 10.3191 14.8863
561 14524 14.9233 12.7425 10.9877
692 9506 15.002 13.513 12.4384
169 21313 10.2342 11.3611 14.4704
113 24664 12.2099 11.5897 11.1481
480 18124 11.4257 11.9722 13.7095
184 22959 11.6041 11.2321 12.5213
558 8145 16.2282 13.1265 11.9714
426 10571 13.612 13.843 12.604
269 16186 13.0003 12.6163 11.9426
675 7794 14.3383 13.7541 13.1547
380 15796 14.3258 12.2555 10.8828
196 15650 12.9054 12.638 11.9379
489 5165 15.7257 14.3479 12.5464
522 13041 11.5374 12.2343 14.5985
650 12023 11.8353 12.347 14.6163
111 20179 12.6729 11.8285 11.054
557 6553 11.3398 12.9592 17.3412
475 12286 13.7247 12.696 12.1115
77 29614 10.3654 10.4918 11.5423
98 25636 9.7826 10.323 13.4862
498 9544 14.6312 13.6928 11.4869
289 12011 13.603 12.6695 12.2929
453 10594 11.8355 12.6454 14.7172
247 17382 12.7862 11.9856 11.4853
388 10915 14.2778 12.5756 12.1014
697 5411 13.2784 13.7475 14.992
728 9456 15.4861 12.8929 11.1868
294 15590 10.8735 11.6694 14.1707
799 6441 14.0037 14.0957 13.0743
463 6788 14.3181 13.73 12.8858
159 18796 13.3157 11.8112 10.2615
573 2352 14.9324 14.3358 14.8619
158 23536 11.6258 11.1675 10.7449
236 15138 11.1556 11.5469 13.836
721 8088 13.0004 13.0433 13.7026
245 17398 12.5689 11.994 10.9835
676 11619 14.1854 12.9647 10.7986
270 18786 11.5711 11.4362 11.9598
434 10439 12.4325 12.5065 13.4852
392 16620 12.0218 11.6205 12.0163
334 14657 13.2191 12.0202 11.0373
123 21732 11.5818 11.2061 10.8166
499 11930 13.131 12.3191 11.9431
741 2791 14.2828 14.2777 14.4384
7 23749 10.4914 10.4599 11.8512
371 14002 11.8167 11.6071 12.8247
843 3844 13.9916 13.8443 13.9573
461 14100 12.6052 11.9518 11.4796
428 17767 12.0439 11.4712 10.9893
354 13771 10.8383 11.2349 13.9726
593 9405 13.2419 12.9273 11.8302
590 8025 12.6911 12.2016 13.8421
319 16188 12.09 11.4525 11.4205
312 21884 10.6506 10.5812 11.625
458 17130 13.1071 11.0498 10.22
119 22765 10.0066 10.1642 12.0003
633 11307 12.3285 11.9457 12.3473
345 22426 11.2745 10.6791 10.3166
40 10181 13.0321 11.8485 12.1894
849 3258 13.3735 13.5365 14.5194
764 1989 15.695 13.9286 12.9508
182 25562 10.2297 9.82271 10.9757
112 26551 10.5164 10.2644 9.90255
648 11305 10.3761 11.3059 14.5651
572 12308 13.2388 11.8469 10.6708
410 16590 11.4209 11.3283 11.1451
518 9808 12.9618 12.4307 11.2706
298 14367 12.4413 11.8207 10.2582
584 9977 10.7549 11.4833 14.2603
432 15415 13.2231 11.2103 9.55604
775 2107 15.4616 14.0926 12.2526
599 8198 12.4815 12.4251 12.3884
569 12488 10.8385 11.4519 12.8764
155 21647 12.4286 10.1533 9.01241
126 21005 9.41741 9.90142 12.481
717 7596 14.9189 12.2409 10.3607
777 5450 13.1072 13.2011 12.516
414 16824 11.651 11.0267 10.552
772 5947 12.858 12.7648 12.801
670 8672 13.3187 12.4777 11.0254
445 13115 10.0514 10.7339 13.788
464 10102 11.7849 11.452 12.3875
264 17282 9.34967 10.019 13.1588
352 17886 10.6173 10.501 11.0841
577 10720 10.3101 11.0742 13.6596
539 10283 11.693 11.6974 11.865
591 6538 13.1035 12.2256 11.957
429 9919 12.2342 11.7497 11.3957
251 18521 9.39842 9.75677 12.5157
249 11725 13.1826 11.4835 9.77116
624 5706 10.9511 11.6057 15.1347
819 4137 13.8785 12.8633 12.0046
327 10920 12.5574 11.4585 10.68
814 5220 12.1234 12.4576 13.2283
488 11705 14.4522 10.74 9.01172
704 5288 13.3942 12.7168 11.6221
74 8873 12.5707 11.7708 11.2421
848 1841 13.4224 13.5136 13.7726
503 11188 11.4993 11.2054 11.5644
310 18345 10.6366 10.2896 10.1923
232 13893 10.9442 10.714 11.2056
835 3978 14.0567 12.8017 11.4752
487 11252 11.3487 10.9866 11.548
811 4042 14.6758 11.4572 11.9885
328 15893 10.9381 10.5715 10.3508
425 13008 10.4845 10.6737 11.6957
417 8877 12.0256 11.9025 10.5688
606 10161 9.65582 10.7471 13.4006
714 7184 10.4682 11.3529 13.3976
290 4483 12.5849 11.9812 12.3379
546 5557 12.8354 12.0492 11.1854
656 9977 10.3984 10.3096 12.7561
460 15716 10.8821 10.1757 9.72618
587 13360 11.7254 11.2189 8.80011
381 8941 9.91496 10.6023 13.1146
462 13362 10.6952 10.4505 10.3471
448 13328 9.20718 9.70576 12.5056
258 18062 9.43631 9.17427 10.8004
802 5749 11.6283 11.6204 11.9709
473 10740 10.273 10.3454 11.6679
523 10970 9.54642 9.93836 12.5251
481 7812 11.3501 11.9014 10.3088
9 36446 7.75472 7.61005 7.93473
589 7507 12.2295 11.2659 10.2249
831 3531 13.0054 11.9875 11.3163
364 10806 12.0015 10.3337 9.4507
829 3210 12.7263 11.972 11.7843
757 5485 12.1592 11.2828 11.2379
852 2068 12.4831 12.3166 12.5217
701 9504 11.8121 10.0872 10.1205
679 5644 12.4526 11.3701 10.2402
834 5503 12.126 11.2291 10.6826
755 6973 10.8118 10.5605 11.4751
688 5093 11.2626 11.2634 11.3965
468 2013 12.5452 12.2566 11.6584
261 16587 10.1228 9.29724 8.63032
317 12492 9.5742 9.5184 10.632
762 7828 10.3829 10.2035 11.234
827 3433 11.9233 11.3368 11.2261
64 8404 10.5548 10.1092 10.504
511 11066 9.28575 9.49879 11.0178
821 6180 11.2344 10.6509 10.4318
812 6805 12.6078 10.2794 8.79521
750 7351 10.5669 9.7342 10.962
832 4755 11.5205 10.8429 10.3374
323 15722 8.99205 8.89391 8.96529
809 1785 11.1966 12.9908 10.9042
710 5155 11.0665 10.6645 10.3716
485 10548 9.81349 9.55735 9.56411
602 8043 9.6049 9.64531 10.7388
773 7762 9.61226 9.97269 10.3054
754 6705 10.6326 10.0641 9.54482
535 7906 9.26947 9.35191 10.68
603 10779 9.33554 9.38953 8.96824
652 9477 9.23229 9.05882 10.0412
291 18314 8.00166 7.96382 8.40403
765 7338 9.63841 9.52439 9.90449
625 3775 9.81151 10.0242 11.6366
804 2312 11.0798 10.585 11.143
524 7458 10.0548 9.54286 9.32545
753 4530 10.4391 9.9041 9.92002
622 9855 8.46567 8.77878 9.69789
533 9504 9.56986 8.79511 8.72135
845 1737 10.5975 10.6934 11.2728
540 10070 8.17075 8.25361 10.1401
241 15594 7.98731 7.75901 8.26688
669 8059 8.92956 8.56521 8.89757
801 3472 9.74204 10.2307 9.42185
691 5951 9.59885 8.92454 8.95304
854 2928 9.43627 9.62514 10.6201
552 8199 8.40704 8.38837 9.06442
851 2262 9.7503 9.39505 10.8698
716 8953 8.12421 8.12537 8.93654
517 13901 7.20658 7.0612 8.46157
435 7949 7.46297 7.87328 9.98624
694 6492 8.25799 8.5065 9.37066
816 3371 10.816 9.07292 8.386
479 8262 7.94389 8.34896 8.65503
840 1414 9.90167 9.88313 9.84116
718 6859 7.82959 8.08406 9.02775
421 8646 6.56805 7.44516 9.58169
500 9603 7.83213 7.32944 7.60767
493 3453 8.10951 8.13416 8.86848
838 1683 9.20965 8.53696 8.05013
808 2843 7.6419 7.7733 8.66627
734 4889 6.93907 6.51763 7.6704
378 17585 5.04195 4.96352 4.34575
36 28663 3.33926 3.05044 2.85081
720 1651 6.80571 7.08461 7.17017
63 28585 2.4307 2.00608 1.85384
97 27976 2.11667 1.79649 1.39566
27 26165 2.26535 1.86601 1.60088
253 25182 2.04938 1.75861 1.15394
615 11203 3.09179 3.07446 2.89526
295 20122 2.04182 1.67405 1.16757
336 18536 1.84548 1.64332 0.732648
326 18228 1.87299 1.65428 0.735468
60 16010 1.95773 1.69337 1.12444
490 15241 1.81927 1.67428 1.02857
501 14497 1.79574 1.77677 1.12002
344 13208 1.80662 1.62278 1.1529
451 14357 1.70043 1.52218 0.556537
199 13275 1.67812 1.53462 1.01474
189 12114 1.62427 1.62314 1.31531
529 11401 1.39866 1.52075 1.09018
627 8902 1.68731 1.6315 1.38356
547 9944 1.47502 1.37043 1.03691
491 10862 1.32523 1.32086 0.650337
469 6431 1.67248 1.50752 1.42114
644 6220 1.55685 1.37891 1.28973
722 7545 1.33761 1.09379 0.950701
509 8000 1.06198 1.06656 0.549649
