722 7545 0.938781 1.40487 -1.#IND
547 9944 1.12432 1.3801 -1.#IND
469 6431 1.46329 1.37012 -1.#IND
378 17585 4.7437 2.27736 -1.#IND
615 11203 2.95537 1.68393 -1.#IND
509 8000 0.722076 1.02101 -1.#IND
97 27976 2.18258 1.15216 -1.#IND
199 13275 1.10734 1.32228 -1.#IND
63 28585 2.29657 1.30539 -1.#IND
403 17728 21.4653 6.80292 -1.#IND
491 10862 0.815852 1.21384 -1.#IND
344 13208 1.23152 1.37987 -1.#IND
295 20122 1.76842 1.33638 -1.#IND
451 14357 0.790526 1.35864 -1.#IND
36 28663 3.22407 1.68439 -1.#IND
501 14497 1.27966 1.30559 -1.#IND
189 12114 1.31809 1.15699 -1.#IND
60 16010 1.56561 1.36322 -1.#IND
699 9924 10.3317 47.3978 82.5081
374 15065 19.7829 48.692 64.5611
27 26165 2.15103 1.23676 -1.#IND
529 11401 1.11947 1.23419 -1.#IND
427 19187 18.1832 44.2369 67.9942
620 9794 25.2897 47.5376 60.0357
784 6135 54.6232 28.9315 49.7088
156 24237 16.9472 50.6643 56.4919
307 12135 43.2043 33.309 49.6658
183 22871 22.9043 42.6809 54.7346
490 15241 1.32067 1.19137 -1.#IND
644 6220 1.34867 1.3464 -1.#IND
53 32321 44.8222 25.742 46.7468
198 23030 34.3723 30.3835 54.5549
200 16042 17.1144 42.5671 62.0705
190 17828 14.7103 24.2427 81.7449
48 25945 30.5409 39.6181 47.6794
309 15521 19.3582 44.0308 56.675
188 13945 50.3663 30.647 39.5301
424 16529 36.4351 46.6003 35.1177
66 33617 22.9362 35.884 51.2008
50 28786 25.8235 38.032 47.2575
210 22095 23.2855 34.6986 54.8949
695 11690 24.4663 28.5889 62.3236
672 7676 18.6479 40.284 58.2698
39 32657 30.1565 33.8575 43.6296
234 21084 49.4732 56.0078 4.69014
326 18228 1.5336 1.19516 -1.#IND
253 25182 1.99989 1.18063 -1.#IND
627 8902 1.48611 1.29932 -1.#IND
336 18536 1.59645 1.11534 -1.#IND
153 15287 19.4442 30.5942 61.1317
96 22751 40.4665 24.247 43.6546
748 5429 18.4901 34.6817 62.7731
147 20982 18.1979 31.6823 57.8388
452 10489 18.5135 47.4381 45.7633
600 7905 19.5261 34.3915 58.4733
360 13446 25.8833 55.0278 28.5315
79 21168 35.9713 33.4324 35.6971
700 7588 23.174 29.4434 58.1903
667 10706 17.8186 27.0229 64.2939
483 8655 33.857 29.1639 47.0851
422 14674 20.4539 39.9317 46.3945
163 14587 26.8471 48.2383 31.1706
164 22758 28.724 52.8793 21.5038
180 22762 14.6168 35.1967 52.3247
56 27757 44.5455 51.8219 3.49576
492 9914 44.0347 50.0752 12.1374
266 12543 18.5982 50.0476 36.3
698 11263 24.3491 36.6443 43.591
57 23602 19.2477 45.0869 35.2792
701 9504 9.99063 15.7931 79.1512
212 14511 21.0463 37.2306 44.2919
256 23603 20.4707 21.6284 56.8298
174 20098 41.9565 54.1143 3.7202
78 23054 33.3294 18.8786 46.3409
789 4037 18.0988 32.0223 57.1279
406 14801 17.2249 43.0452 41.0053
413 13909 36.56 31.6437 33.0829
390 16739 17.8776 35.7932 46.4221
293 6985 23.5415 37.9043 43.0028
560 4912 17.5856 18.5319 69.559
478 11899 15.5661 17.4458 68.7093
471 15158 28.0168 34.4496 37.5418
447 12102 11.983 44.2115 44.9489
770 5393 15.4304 37.9775 51.2341
231 16157 35.9667 26.631 36.4794
405 17162 36.466 51.5719 10.5747
121 16529 29.2391 19.3599 50.0847
277 21046 23.2371 21.6741 51.6665
696 10336 18.795 35.8641 45.8052
423 10538 33.9345 22.7182 43.4011
635 10149 26.3203 36.9912 36.87
761 9135 34.5737 29.0472 36.6731
250 19562 38.6075 52.1061 4.60971
209 24962 17.5483 25.8852 49.9445
12 38413 34.3377 52.2215 2.96926
302 19649 40.2654 51.3445 3.27037
570 10717 41.2197 54.1004 3.21678
640 7181 27.6076 35.1527 36.6188
735 7082 20.4177 21.3771 56.6449
659 10293 32.7807 30.8168 32.9347
237 23553 43.8631 43.8509 3.30414
160 18522 24.9919 20.5766 46.9804
230 16143 20.318 36.2782 36.7193
186 25425 42.9447 35.1381 11.8877
139 25720 20.3191 25.1885 44.2811
107 28780 35.6239 41.6204 10.5923
607 13935 44.2514 41.8623 6.82513
828 6148 14.2973 20.0299 62.0856
192 16679 27.0927 16.0992 48.0982
142 14392 21.7473 35.7658 34.6081
510 12606 22.6379 17.6024 52.6386
470 12206 21.4538 33.8118 37.6247
433 14355 23.9096 24.8006 42.9344
299 13179 17.0111 25.7593 49.3436
22 40007 14.4747 42.1903 26.861
254 27686 41.3898 41.6546 3.83458
161 20207 45.9226 39.9049 3.43985
619 5891 44.5407 42.9962 7.95951
563 6850 46.2608 44.8149 3.45549
223 21098 13.5979 23.2742 51.1648
201 20574 37.2147 19.5777 29.5831
301 14631 26.8286 27.4266 33.9198
723 6085 35.0592 23.1503 34.1366
244 22653 15.1867 33.5723 34.9509
287 23626 32.335 26.0394 24.9935
736 6891 34.7981 48.7853 6.46946
794 5848 13.3963 26.6216 50.6117
3 41049 27.4702 26.0389 23.848
536 15416 33.6607 42.8695 8.45312
229 19536 16.5836 42.2676 23.5404
594 8474 27.6191 14.153 44.7368
516 9846 15.8415 20.7339 48.2911
179 19323 32.8073 44.6292 3.18816
219 17536 16.5916 18.6457 45.7334
766 3530 12.6332 38.9538 36.5554
601 10455 40.1481 40.7484 2.87368
133 21768 37.3649 20.6562 20.7413
143 29616 22.5382 41.0429 12.4116
278 15377 32.2586 39.304 9.06684
23 33826 18.4744 43.7482 12.0447
616 13978 35.8588 21.9809 22.7885
455 20012 34.4325 36.0253 7.74453
29 29144 16.6896 21.7824 36.7124
440 11693 29.0149 44.9574 7.45409
191 17310 21.505 33.0527 24.2409
151 23637 24.6292 34.2942 17.3156
306 17217 26.181 24.8563 27.2484
110 21878 14.0357 38.2508 24.2975
340 19115 25.9968 37.0557 13.6359
117 22129 20.4427 28.6609 26.0677
780 3862 42.5699 32.0142 8.994
203 11153 20.0162 23.2669 35.836
587 13360 10.3655 41.8194 25.5699
730 9006 25.7257 13.5121 40.4707
459 13765 33.8117 39.5251 3.87605
497 11740 30.8512 43.4868 3.46456
92 16092 27.9809 44.5255 3.35892
527 12075 19.5746 39.9532 18.0172
228 18071 23.2298 28.7333 23.0486
373 14758 38.5618 33.9616 3.60656
33 36666 26.7231 36.2124 5.83464
655 6917 15.6083 21.3736 42.6063
683 9800 18.8466 37.2574 21.7882
217 23711 29.1018 19.0202 24.1498
88 30864 21.5454 41.0552 7.10929
496 13528 28.1075 27.2378 20.1718
776 7754 36.5877 38.6703 2.86777
135 18205 24.4213 45.0082 3.79117
14 41386 30.4291 32.3694 3.34373
515 11092 22.8656 47.0775 5.94727
343 17528 27.8595 17.2601 27.8486
385 20838 34.8197 33.9013 3.0305
24 30837 28.6916 36.7537 3.12333
255 18620 39.4579 21.8243 11.0578
17 18404 25.2265 43.5567 3.60866
93 13713 38.7564 16.9108 18.0492
100 29002 30.5675 27.9097 9.68791
575 8948 21.4637 15.6226 38.648
275 18997 21.3403 19.7239 30.1153
116 25540 22.1848 22.5632 24.1388
274 23622 23.6564 38.3048 7.44293
0 36473 27.0359 34.8272 3.32324
361 20987 29.7843 34.4767 5.50659
409 15558 30.1941 21.5063 19.8174
4 40910 15.3329 16.7785 31.4156
791 4935 23.7055 30.2079 22.2768
25 35862 22.5841 27.865 13.6717
318 15028 33.3393 23.3836 14.0005
177 17470 22.8415 42.635 4.28814
322 13969 42.5286 21.5501 6.79434
1 35424 14.716 39.1115 10.0398
292 13426 17.6207 44.8352 8.32249
37 18269 24.459 40.1142 4.16646
779 7733 37.7397 20.7241 14.4874
141 21037 22.2516 33.1467 11.7994
365 13032 19.4349 28.4607 22.0328
321 17607 23.0218 40.331 4.3925
850 2792 34.7914 37.4437 3.29678
128 29077 26.5444 25.8039 11.3648
356 16351 29.93 18.1833 19.7374
437 17530 27.1733 37.5759 2.64608
240 20233 19.2897 41.3492 5.72835
137 25021 25.4315 36.0183 3.29575
80 18097 13.0869 39.0715 14.6487
389 12809 18.3225 26.8252 23.7793
585 11826 13.7458 43.6095 11.9824
709 8125 27.1633 16.8204 27.1309
131 24851 14.008 38.4299 11.8359
542 14689 22.059 23.4433 22.4113
508 14204 31.465 33.7224 2.88807
41 28094 29.4459 30.9578 2.62928
502 17461 30.2564 33.4545 2.82814
472 18401 13.55 38.6942 13.8865
49 26155 12.9278 15.6642 34.6613
465 16538 15.5188 32.5413 18.4961
837 4016 21.3872 28.4791 23.1445
795 4539 28.5675 40.4549 3.57957
238 22970 30.7719 29.9773 3.36898
711 7043 27.2621 40.0304 3.25732
26 35389 20.5568 19.8423 19.6236
800 4840 35.4814 33.996 2.33239
520 10868 14.7064 39.8044 13.8176
534 9879 36.1377 23.2143 9.28503
654 10665 36.9396 18.4218 12.6492
284 17840 16.7391 9.80609 38.3324
245 17398 11.427 36.1188 17.2124
82 27028 30.469 26.9875 3.95045
807 7405 15.9204 26.1264 26.7243
178 24190 20.2813 36.0691 5.0628
176 25064 15.1248 38.1387 7.86979
419 19983 17.9401 38.2526 6.50101
631 11071 19.6944 37.4191 8.89845
553 13348 23.4186 38.9189 2.47639
257 23326 27.9076 19.4386 13.3837
101 17908 23.3359 24.0111 15.1904
581 15352 12.5856 39.6607 10.7735
102 28561 26.8518 16.011 15.58
16 22189 14.6901 37.6852 7.67496
211 16958 23.2304 26.554 12.0379
839 3041 33.2671 24.3818 11.6459
377 15335 22.5627 25.736 13.9559
213 4699 34.9367 28.8853 3.91743
19 37005 17.46 34.3082 3.48695
364 10806 10.3052 38.4794 15.2273
225 18176 26.8519 31.0031 2.83989
466 12827 29.3129 30.4603 2.86905
52 13428 14.4064 26.0664 21.6785
76 21892 11.6853 13.4098 33.8466
20 42981 26.0085 22.4414 4.51289
456 14210 15.4267 12.1617 34.1181
785 7031 16.451 43.5581 5.06046
149 24119 14.7991 36.8593 6.26232
55 23681 14.7138 34.143 9.17967
5 40055 12.6537 32.146 8.58272
313 16865 26.5063 22.4479 11.4459
42 4370 27.8902 23.063 15.7121
636 8329 15.3286 8.64877 40.0676
450 9118 14.5118 42.5316 6.56462
281 9138 28.2769 26.0174 9.29177
162 22367 32.9738 18.8377 6.36518
592 9128 20.3322 31.7192 11.1218
220 25888 20.2639 21.3811 14.953
401 11640 23.3176 29.6217 8.8025
32 35728 16.5145 33.797 3.21477
391 13945 32.5946 25.0109 2.77763
46 26175 13.8775 33.3264 8.77524
325 17991 20.8938 13.2582 24.402
13 26559 16.7519 36.0582 2.81581
561 14524 12.4235 39.625 7.73347
337 17794 16.9034 34.2413 7.18853
494 10436 30.1071 27.3259 3.89602
155 21647 10.1286 39.1329 7.51685
564 12877 24.5286 32.5917 2.85619
330 15463 26.0148 29.4809 3.36017
797 7276 21.1631 34.32 7.12665
731 6757 16.6128 31.3951 14.8914
618 9520 19.613 24.0688 17.6594
376 16741 29.2132 22.4239 6.29353
559 11625 20.0297 21.1373 18.8498
629 10333 25.5691 13.5324 21.4507
583 12285 35.0797 20.8297 3.57042
541 13778 16.9902 23.0317 18.7956
305 10688 14.2142 7.63974 38.2105
70 22766 22.6206 26.6798 5.94377
566 11178 22.2266 34.3121 2.99577
726 12153 28.9335 26.9575 3.08746
233 17289 25.6837 27.4309 3.68482
87 22375 15.3734 14.7163 24.6939
787 8289 31.4717 25.4291 3.47423
369 11675 14.8734 8.9067 34.7661
62 28905 22.3 18.772 11.2387
846 2479 31.6599 30.081 2.48509
165 22712 12.9206 34.0164 7.14085
613 11049 30.6111 24.5207 3.45076
243 19760 22.308 19.4 13.2995
489 5165 13.9321 24.4754 23.443
268 19181 35.2603 16.0174 3.83978
54 36423 25.7473 23.0987 0.954531
67 29592 22.7904 15.6355 13.2418
105 30309 17.1461 30.3006 3.90017
297 18961 23.0915 27.0254 4.86035
476 10954 25.1915 29.7875 3.17197
195 17842 21.775 30.026 3.43132
150 18702 21.4453 20.619 12.8147
614 7243 26.4869 30.1355 3.33275
537 1534 28.7328 33.1374 2.63859
75 14388 17.9924 30.4436 7.91905
724 8216 22.0806 34.1529 3.04458
549 12033 17.6438 35.3501 4.25342
749 3701 17.7014 24.3032 19.9145
847 3105 34.4139 25.2089 2.80183
114 18228 31.036 19.8443 3.60013
432 15415 10.8674 34.006 10.6016
588 14742 19.2978 28.6673 7.77949
443 13047 13.2663 35.541 7.51243
733 9121 28.5128 27.4189 2.23361
833 6680 25.5617 30.4293 3.54924
399 13997 30.0008 22.8182 3.05232
608 12998 17.9294 29.6925 8.4753
31 33224 27.2116 17.026 5.00589
727 2814 24.9013 33.8052 3.4376
598 12472 16.4866 34.9059 4.85936
815 5301 32.67 24.0357 3.34779
740 10166 26.7262 19.8208 10.6435
351 13248 24.2183 28.0009 3.51351
836 3068 29.4379 30.1399 2.10004
674 10776 30.588 22.2714 3.95371
221 21456 11.938 34.675 5.82848
382 15853 22.1563 16.292 16.0436
129 23296 13.2371 34.1981 4.3222
95 26417 19.8543 25.9536 4.89478
630 13306 18.2764 32.0005 5.06408
182 25562 9.81752 7.52593 33.1497
668 8385 26.9667 26.7298 3.61523
341 15498 24.4922 25.9171 3.32101
526 11475 13.0255 32.9115 9.4616
628 11838 20.4965 29.4854 5.24333
641 9062 22.7391 26.8368 6.98294
621 14790 13.5802 9.83505 30.4643
132 21769 17.0826 29.9927 4.20517
639 3631 29.6727 27.1272 3.1267
531 5907 22.1626 20.3786 15.6681
8 31937 17.9954 27.3012 2.70515
215 15171 21.4111 13.0277 19.1005
148 28687 21.0328 25.6557 2.16008
44 34674 28.7181 13.9564 4.47861
242 17230 15.2376 33.4424 3.95514
521 11565 21.8289 27.7436 5.42428
565 12153 14.5039 6.49535 33.7095
576 9556 27.0314 25.3646 3.41424
458 17130 10.8105 35.5814 6.02203
106 25026 19.5964 26.6353 3.32485
844 1353 30.6128 27.9986 2.98154
393 18728 27.5463 21.2718 2.4164
441 17091 26.3799 22.8366 2.5859
246 19798 18.825 25.9863 5.98625
30 29347 13.6513 30.118 3.89021
338 17624 31.188 17.0349 3.28919
218 22442 17.0763 28.7494 3.82164
298 14367 11.1309 33.4129 8.0418
379 18891 16.6388 26.4612 7.67042
136 19401 15.3239 30.2118 4.97423
666 11111 29.5071 21.0514 3.30114
611 9529 17.6609 29.3024 7.50222
111 20179 11.5043 34.3588 4.05137
146 21240 29.3953 16.9111 3.12629
169 21313 11.4694 15.0293 22.8058
684 11900 17.2887 32.6727 3.02465
202 15414 17.9273 22.2616 11.2128
638 11399 18.8588 15.4078 18.8683
104 20655 14.3341 30.7282 4.37095
375 17605 22.8429 22.9337 4.73003
676 11619 11.7394 36.105 5.09326
172 24808 19.8482 22.6485 5.35009
103 26391 24.6804 17.4515 5.21529
530 10745 25.5903 18.3447 9.27223
651 12802 20.2462 26.1709 5.7802
411 16207 13.5482 10.5162 26.7053
333 16507 17.6276 28.6406 4.38069
703 8766 18.9834 31.8843 3.22531
354 13771 11.4883 11.3599 28.7941
347 16678 16.6361 27.955 5.86518
59 27377 25.2205 19.8466 1.66487
280 19468 25.8167 14.7823 8.69816
504 11465 23.8355 25.3165 3.19422
47 20842 14.7049 30.2615 3.64804
430 16083 19.7185 26.4136 4.13487
34 27389 13.0279 11.2856 22.0319
175 21474 17.9296 25.1941 5.0828
353 10915 22.951 25.0012 4.40956
207 14151 14.4616 30.7236 5.64836
418 14647 18.5677 25.5272 6.41209
825 2130 26.7041 28.3014 2.83669
166 24305 16.1777 27.4985 3.12575
792 6821 28.1704 23.3476 2.60012
488 11705 10.7576 35.2561 5.53253
262 19103 21.7344 18.2522 8.52654
173 22334 20.3314 20.1768 6.82194
786 6322 20.0334 27.3938 6.84255
258 18062 9.27757 7.18767 32.1981
184 22959 11.3743 8.31442 27.1668
363 14328 21.1796 20.3924 8.41704
311 10610 22.0511 23.9312 5.54377
545 7626 16.856 33.2354 2.92735
35 29742 21.9289 14.3637 7.96608
251 18521 9.97911 13.1582 24.7348
45 34311 15.7213 25.3607 1.84896
335 15133 20.4647 21.3547 7.28415
477 17462 17.9973 15.0835 14.9676
283 18775 28.1363 15.8485 3.50544
222 22887 14.2436 17.4222 14.3646
138 8389 25.0858 24.5428 2.28121
498 9544 12.4137 33.9231 4.95269
484 15571 14.706 29.6482 4.12427
276 19438 23.987 17.1231 5.90389
187 26230 24.655 16.557 3.51485
612 9343 16.2931 30.4579 4.4305
68 23121 15.8885 14.1639 15.5414
2 42870 21.0784 15.2747 3.67786
144 19592 12.1984 31.2113 3.27725
646 1254 22.4445 31.926 2.73004
626 8546 14.0792 31.5731 5.65261
331 20224 16.1349 16.744 13.4357
224 17620 22.7556 21.726 2.67824
272 17131 13.7576 29.9648 3.5379
28 32692 22.7647 14.973 4.52111
249 11725 11.1611 32.0204 6.28392
286 21565 17.9774 24.6014 2.98828
86 31043 16.6115 16.9863 8.96539
119 22765 10.3235 7.67183 27.0127
260 21554 17.2837 25.0367 3.03702
350 15349 19.7167 24.855 2.98774
813 8133 14.8225 13.4901 22.6063
91 22706 14.7971 23.2814 6.63422
395 15518 13.7179 30.6688 2.93427
742 9953 21.9214 24.6175 3.25979
436 19097 27.8455 14.7568 3.34898
663 6890 22.2785 20.7526 8.39251
216 25441 12.5813 27.2812 3.87307
367 14296 14.3631 29.9435 3.42199
446 15200 27.7073 15.8019 3.83226
6 47554 21.1178 14.1386 2.5972
168 14614 21.6039 22.1392 3.7926
339 15486 13.7774 29.8058 3.53607
73 25106 14.5599 24.7915 4.28216
556 13540 22.4199 22.5481 2.82631
346 12793 20.4421 22.6742 4.89782
43 25682 18.9475 21.2463 3.08251
296 16353 15.9676 12.0522 18.4104
506 14199 26.5312 18.1524 2.59691
444 4155 32.1056 18.2333 2.41165
134 22962 22.5763 16.3297 4.90816
65 26333 27.1639 12.7095 2.81891
94 27733 17.3395 16.1965 8.65052
645 11621 24.4446 20.6623 2.95133
595 8223 25.9978 15.4884 8.10593
71 17047 17.5991 17.3007 10.6066
705 5594 15.4678 29.7853 5.80137
525 13768 15.2994 28.7737 2.68621
317 12492 9.58401 6.70722 31.0217
725 6095 29.676 17.4072 3.46488
762 7828 10.2356 6.76118 32.493
61 17544 23.0866 18.5885 3.41347
329 14399 24.6438 18.1477 3.52583
689 8697 21.1207 9.68837 18.1742
239 25903 16.4248 23.2984 2.37444
713 6495 18.2221 28.6274 3.27368
586 12024 25.0677 19.1528 2.90731
610 3259 24.6018 12.9694 14.7173
400 16702 12.7647 26.0051 6.27427
181 20139 20.4423 19.4672 3.84791
798 6145 23.4064 23.9939 2.674
572 12308 11.3223 28.6382 6.82134
320 19403 24.2245 15.4237 4.28556
811 4042 11.9581 22.0415 17.4992
744 7630 24.4686 22.4778 2.12174
774 4881 17.7427 27.7636 5.1676
820 4144 14.9717 32.3871 3.86142
782 5184 28.6084 18.5697 3.11748
760 6646 21.6261 13.3515 14.3641
122 22718 24.1729 14.8008 3.37966
551 10319 13.8119 30.0249 3.36644
90 30471 10.9967 24.185 4.72131
159 18796 11.5365 28.9141 3.15724
574 11772 14.5343 29.2583 2.64905
304 15035 13.96 27.6876 3.37253
670 8672 11.9364 32.2426 3.63748
578 8520 18.8698 26.7512 2.11672
605 9690 17.8058 25.2934 3.98317
661 8315 13.9706 22.9222 10.7964
140 22042 13.8133 22.1318 5.97427
431 12110 29.5876 13.0073 3.13548
152 23077 18.79 18.9825 3.74435
84 26368 13.0883 16.4203 10.948
85 22171 22.6666 15.9938 3.08601
554 11365 22.5865 18.9895 4.19753
11 28504 12.2744 14.6086 12.5462
154 21416 20.4053 18.4276 2.79205
372 21302 11.669 24.7887 5.05559
38 30589 20.7485 15.6516 2.20518
809 1785 10.5547 34.9061 6.21612
69 23836 24.2965 11.5735 4.57735
708 6827 29.8662 15.2948 2.42494
300 19927 17.9787 18.5199 5.18261
680 9776 24.942 18.5758 2.37354
756 7459 21.2042 23.2787 2.58099
248 11120 19.297 13.9398 11.8294
486 16168 21.9855 17.57 3.29277
269 16186 12.0197 27.5457 3.22785
434 10439 12.5415 28.5349 4.22054
475 12286 11.9409 27.6741 4.78738
289 12011 12.3488 29.1722 2.81899
673 10741 21.6236 20.6835 2.61709
145 11674 14.9592 26.8504 2.62581
693 5282 30.8366 14.69 2.42218
206 9429 13.732 21.6067 10.1644
380 15796 11.7966 26.4283 4.34114
252 20303 20.6708 17.3772 2.81
359 15025 15.2249 10.1942 17.3466
532 9208 21.7048 20.9486 2.55623
593 9405 12.2664 27.7463 4.89531
507 14487 17.1425 18.302 7.04676
420 10729 15.5641 22.3758 6.10336
449 14593 18.1045 21.09 3.01011
383 17437 12.6039 25.5328 2.83216
745 7007 15.5523 24.863 5.32975
342 17813 15.0621 13.854 11.7336
769 5515 20.7517 9.73269 16.0841
415 9586 23.5384 15.4889 5.16013
604 9087 16.6002 23.1563 4.68711
829 3210 11.7614 22.0862 14.4561
824 4254 24.1161 21.6782 1.64837
438 13614 14.8873 23.7637 3.61828
127 23250 21.2646 15.4321 1.9831
408 19815 22.0871 13.0873 4.63566
118 12766 17.8675 22.5025 2.1902
647 10627 28.1319 12.4976 2.9068
120 20516 12.2186 22.9548 4.33602
355 10088 17.7797 22.344 3.64731
571 14290 13.4255 17.5439 10.8734
550 12993 23.3625 15.656 3.33673
404 8726 20.3598 20.5449 3.43211
523 10970 10.1179 12.7648 20.258
657 6072 19.979 23.5025 2.3259
279 16179 25.2148 12.7419 2.77664
513 12323 13.312 26.0167 3.02229
543 12885 16.6003 22.1874 3.17551
214 25974 14.4408 19.0219 3.68052
442 8983 15.0767 26.4086 2.27292
416 15638 19.7024 16.5076 4.51323
324 17679 17.8912 17.5227 4.44017
759 5961 31.2401 11.6772 2.42421
208 13400 21.3559 16.941 3.15416
316 17706 20.7184 16.0892 2.725
327 10920 11.3169 20.2776 10.7446
467 6578 24.4579 18.3568 1.77332
851 2262 9.53091 9.00313 29.2787
544 15729 12.6467 23.7222 3.62132
370 9571 19.3009 19.2172 4.22064
499 11930 12.2464 17.0689 12.2693
487 11252 10.9392 7.98406 22.9008
271 17599 24.3803 10.9938 3.77133
817 4672 21.3411 21.6443 2.58585
597 7743 21.5709 20.6181 1.35022
682 9095 22.0367 18.3184 2.30397
126 21005 9.99098 14.0196 13.5827
167 18544 21.8597 13.2361 3.3346
474 13970 19.1 12.7955 8.3122
495 13760 25.0286 12.2341 3.01668
170 24026 14.2335 18.8152 3.43102
687 9008 13.6511 26.0746 2.75298
130 20027 13.6322 14.4429 9.71122
512 9517 25.1654 14.7035 2.28694
818 4827 22.6943 13.6844 8.58227
783 7874 26.8426 13.8306 2.31522
113 24664 11.5151 18.1733 6.44958
397 8013 18.2286 21.6464 3.00242
790 3873 15.7867 27.4975 2.27478
519 14050 13.7405 22.7829 3.28663
288 8090 17.7106 12.7844 12.1675
193 16171 15.7009 19.5107 3.71587
109 26537 21.2608 10.5919 3.4978
548 10921 21.9858 16.594 2.39909
719 8040 18.569 21.863 1.99915
473 10740 10.4404 7.39299 23.1966
768 6264 19.473 21.3377 2.62026
538 14378 21.609 15.4898 2.20027
823 5423 19.1797 22.4364 2.30149
226 9308 13.5875 25.1039 2.93538
747 7272 23.2252 16.8763 2.61577
398 9712 17.5088 20.5136 3.27606
303 16284 13.7383 21.4741 3.17432
412 19156 13.4962 20.4627 3.33746
643 7841 23.2609 13.672 5.30615
671 10318 22.6016 15.9827 2.33778
197 21507 15.9253 16.7203 3.73259
72 21736 11.9994 16.8311 7.38886
557 6553 13.5998 11.4261 17.7061
417 8877 11.0084 26.5702 3.76146
609 12585 21.8106 14.1997 3.3389
568 5826 17.0793 23.2205 2.58502
678 9982 17.7589 19.9382 2.81457
686 8495 20.0802 17.6462 3.52325
263 19610 22.0277 12.0447 2.35096
81 20396 15.3942 13.3275 7.39191
396 13474 16.9712 19.5041 2.28595
803 5206 21.7765 18.7081 2.66899
830 5599 27.2549 12.794 2.5515
236 15138 11.781 10.6371 15.2846
362 11284 20.182 15.7483 3.42278
334 14657 11.5695 23.6267 2.64056
535 7906 9.42548 7.64146 23.9519
10 37969 20.6097 8.83372 0.967238
158 23536 11.0297 17.0368 6.42277
796 5560 18.7401 15.8353 7.75564
555 9395 21.0202 16.2581 2.81508
387 15185 12.8461 20.5508 4.05576
282 18439 20.6971 11.4815 4.01021
157 25862 12.527 16.4657 4.61523
332 16171 19.6263 14.9066 2.43121
505 10944 16.0797 20.7539 2.10455
767 5354 16.1153 22.6992 3.22892
64 8404 10.0947 6.48628 23.6076
384 18223 18.3587 14.2556 3.22521
285 22661 15.622 15.7907 2.83909
58 26726 18.5574 12.3666 1.99663
679 5644 10.8095 26.2969 4.50843
706 5655 15.492 22.8572 3.24975
196 15650 12.2758 20.9968 3.32819
596 9099 14.7198 9.12349 15.4735
315 13287 15.9896 18.5446 2.78504
247 17382 11.9543 17.9084 5.61744
345 22426 10.6033 16.7946 6.03639
558 8145 13.262 20.5236 5.53723
368 17907 15.7521 16.5959 2.57913
232 13893 10.7259 15.2927 10.4992
460 15716 10.0965 17.6042 8.01801
402 15205 13.1281 18.2417 4.51042
660 4737 16.7548 23.1825 1.35353
83 10911 19.187 15.9532 2.56165
428 17767 11.3778 17.7102 5.69111
637 5672 23.9632 13.937 2.53134
235 12249 14.3268 19.4531 3.11221
781 4046 15.5403 23.2754 2.71194
357 13897 13.3885 16.4714 6.2059
788 5333 17.5562 20.1716 2.72883
617 12082 18.1227 15.5444 3.00644
259 17552 13.4811 15.7916 5.09266
468 2013 11.9882 29.2161 1.92086
171 22019 12.1009 15.7645 4.84343
112 26551 10.0327 17.3089 3.88363
426 10571 12.9731 21.0492 3.16776
445 13115 11.143 11.0145 13.6667
394 10158 13.6564 17.9126 5.61648
358 12257 18.8699 15.0408 2.21804
308 12161 13.1601 10.1343 12.8644
685 9735 17.6506 17.0188 2.62979
227 19025 13.5736 13.8918 5.88135
371 14002 11.5689 21.2807 2.42442
665 8755 20.9016 14.1853 2.51354
265 20919 18.6959 11.9376 1.76743
482 11372 13.5372 16.2231 6.3493
185 23768 17.4995 11.3173 2.48865
826 5580 17.7369 19.709 1.7652
439 15624 19.0288 11.6414 3.38303
681 10801 17.6381 15.7968 2.57125
461 14100 11.894 15.6292 6.99171
658 9007 22.2982 11.5187 3.07176
584 9977 11.7719 10.6791 13.9264
751 1984 17.0035 23.3257 1.46595
98 25636 10.7312 15.0522 4.42366
632 8867 18.2467 16.8748 1.66009
349 14180 16.4274 15.4102 2.39362
741 2791 14.128 24.4336 2.27759
15 18828 14.5267 13.5124 4.22371
567 5780 18.1275 18.2229 1.95288
205 22133 11.9993 15.0625 3.87945
664 6012 15.0148 20.3958 2.57443
454 13425 15.2178 14.2478 4.63319
425 13008 10.6428 7.05419 16.5723
707 6977 20.8793 14.1278 2.3068
763 8589 14.7306 19.0773 2.5898
642 12837 14.9731 14.5461 4.80503
366 16116 14.0414 14.5208 4.39201
77 29614 10.6226 13.1787 4.61367
273 16907 17.5358 12.6022 2.47667
314 22042 12.4723 14.9872 3.19625
7 23749 10.7019 14.8973 4.49205
746 3851 15.2221 21.533 2.37529
414 16824 10.9382 16.8583 4.54121
634 11435 14.721 15.4785 4.36807
591 6538 12.0872 21.9553 3.13234
806 6442 19.762 14.661 2.79334
348 17012 13.2983 14.7514 4.07751
18 34168 10.8038 12.848 2.89804
562 12630 13.0589 8.41581 12.2326
312 21884 10.7342 14.7431 4.62675
429 9919 11.6357 16.5117 6.78311
21 19268 12.2957 14.8057 3.82885
407 16213 18.0865 11.2082 2.77586
123 21732 11.1283 14.7551 4.12528
752 7098 18.162 15.6756 2.47241
822 3844 22.2852 13.3232 2.89389
528 9832 14.8618 17.4334 2.44219
662 9017 18.2535 14.4761 2.41099
738 7449 21.5365 12.0145 2.44299
814 5220 12.4225 23.314 1.59406
503 11188 11.2911 20.0335 2.56271
831 3531 11.944 17.3514 9.21191
650 12023 12.6189 10.6182 10.1884
514 14359 18.6366 10.9714 2.78418
267 16029 17.5192 12.1944 1.98549
602 8043 9.82929 9.70992 15.8367
853 1816 21.3682 16.1135 2.44426
294 15590 11.9851 10.276 9.43126
518 9808 11.9657 18.3721 3.78828
649 9583 20.1198 12.3004 1.74086
772 5947 12.62 21.2787 2.20721
648 11305 11.6736 12.6299 8.75254
799 6441 13.5022 19.2737 2.82141
264 17282 10.4467 11.3968 8.53345
732 9593 15.4063 14.6616 3.52928
589 7507 10.9777 20.1042 3.51559
801 3472 9.237 24.4617 3.57177
793 6072 17.9688 15.6836 1.68448
653 8025 15.1025 15.8454 3.1414
89 20222 16.8557 9.17674 2.62388
623 5355 14.9128 18.4255 2.1672
386 14094 17.1913 11.1812 2.27098
522 13041 12.3781 14.5645 4.15198
51 21939 16.9757 8.33274 2.35348
777 5450 12.4438 20.4977 2.06951
457 7800 17.8975 10.4192 4.78374
115 23675 13.0556 10.4897 2.81857
261 16587 9.22492 15.4702 4.17376
448 13328 9.91664 12.8902 7.37726
757 5485 11.353 19.5811 3.27209
582 16183 17.6055 7.95361 3.23646
270 18786 11.5777 13.9458 2.27947
590 8025 12.6692 17.8179 1.90997
739 2216 18.9233 15.5186 2.1579
729 5196 16.1848 13.9116 3.92862
124 19949 16.4918 7.08073 3.47762
463 6788 13.5095 17.5109 1.85056
758 5761 16.7826 15.1692 1.44626
352 17886 10.5653 13.6025 3.42562
99 6601 21.0736 9.26339 2.49419
481 7812 10.7605 17.4293 3.87732
580 13138 13.7382 13.6655 2.011
624 5706 12.1565 16.4033 4.70545
204 20040 12.7044 10.5732 3.26473
319 16188 11.5424 13.1962 3.22826
194 18585 12.9026 11.2901 2.82239
40 10181 11.9649 16.1481 2.33078
310 18345 10.2019 12.8771 3.71893
775 2107 13.7183 20.1048 1.86325
579 7259 17.728 11.8913 2.09073
737 8318 14.4683 14.1805 2.40409
691 5951 8.86329 19.2677 4.19761
819 4137 12.6711 17.3907 3.48998
392 16620 11.7065 12.5792 2.72581
328 15893 10.5543 13.705 2.79679
656 9977 10.7111 14.621 4.31305
599 8198 12.2817 15.8551 2.43609
625 3775 10.1957 15.5798 7.70704
728 9456 12.8544 15.1579 1.7437
832 4755 10.8038 16.931 4.8036
410 16590 11.214 11.8708 3.44532
388 10915 12.5224 13.3726 3.06707
838 1683 7.75944 23.8046 3.71178
74 8873 11.7758 14.1506 4.02479
754 6705 9.9657 16.4835 4.56606
517 13901 7.10716 11.5557 8.68379
834 5503 11.2521 15.5885 4.60112
577 10720 11.4098 10.7254 6.35233
821 6180 10.6634 13.8321 6.44755
125 3560 18.0858 11.9612 2.74108
539 10283 11.6207 14.1414 2.80702
453 10594 12.8536 11.9738 3.55371
464 10102 11.6337 14.0517 2.84386
835 3978 12.5077 18.5972 1.03625
778 7019 17.0096 11.6752 1.20929
702 4303 17.0172 12.7852 1.88119
9 36446 7.67883 7.16398 4.12497
108 14464 13.4523 9.5224 3.05102
633 11307 12.0503 12.9985 2.24673
712 7951 14.1574 13.5012 1.30591
677 7659 15.017 11.9155 2.17564
743 5069 17.3606 11.1713 2.01806
710 5155 10.5756 14.4183 5.45773
810 4065 16.0996 13.2696 1.80904
750 7351 9.90444 15.0519 3.96097
715 7458 17.1075 9.89088 1.65243
692 9506 13.5832 10.2705 3.68163
546 5557 11.848 13.7023 4.18533
842 3876 16.848 11.0838 2.59131
480 18124 12.2784 7.33583 3.63272
606 10161 10.9583 12.4413 3.21246
841 2816 17.5928 13.2069 0.35854
717 7596 12.2513 13.8221 1.36114
462 13362 10.4294 11.1347 2.96633
524 7458 9.53154 14.9191 2.92449
843 3844 13.8433 14.385 1.41261
755 6973 10.82 15.1301 1.46407
690 6695 17.1029 7.59819 2.6274
675 7794 13.682 10.799 1.92998
812 6805 10.0698 14.0724 2.73351
721 8088 13.0301 10.3863 2.62162
805 6566 14.0989 10.386 2.42077
849 3258 13.7619 14.0669 1.37043
323 15722 8.86041 9.9622 3.40712
697 5411 13.8079 11.6518 1.89879
381 8941 10.9761 9.73402 4.44116
714 7184 11.5235 11.2784 3.32293
511 11066 9.61449 9.23042 5.22918
569 12488 11.5684 8.97953 2.82605
540 10070 8.45767 9.50095 6.46372
573 2352 14.6413 13.0931 1.70613
855 1703 18.4907 9.4205 2.16705
552 8199 8.4485 13.2973 3.14805
291 18314 8.02187 8.3602 3.90164
765 7338 9.57889 11.0913 4.09587
771 5036 15.3624 9.52383 1.33837
652 9477 9.18172 11.6384 2.73036
485 10548 9.51291 10.799 2.66406
603 10779 9.18503 11.285 2.21798
773 7762 9.64988 11.8131 2.52068
704 5288 12.4184 11.0975 2.00413
290 4483 12.1993 12.2843 1.49395
753 4530 10.0248 12.5622 3.12873
435 7949 8.06968 9.74302 5.61325
764 1989 13.9488 12.7414 1.15789
241 15594 7.88192 8.25889 3.53937
533 9504 8.9406 10.549 2.31178
694 6492 8.57143 10.8274 4.07853
827 3433 11.3715 13.3965 0.905155
848 1841 13.479 12.4493 1.07624
622 9855 8.83711 5.54955 6.97418
816 3371 8.9509 12.926 3.39713
669 8059 8.56951 10.7822 2.0737
479 8262 8.2343 10.005 2.4107
718 6859 8.22688 9.87401 3.1988
802 5749 11.5823 8.26543 1.90623
808 2843 7.83649 11.7281 3.45653
854 2928 9.64414 11.1523 1.96681
688 5093 11.1439 7.61921 2.06841
716 8953 8.2305 7.78754 2.47984
493 3453 8.35252 7.7082 5.49278
734 4889 6.60704 10.9076 2.86803
852 2068 12.2591 8.3765 1.58103
500 9603 7.4955 7.14429 2.25404
421 8646 7.65886 7.44448 2.28286
840 1414 9.82187 10.549 1.03915
804 2312 10.7967 7.83416 1.4531
845 1737 10.7463 6.90733 1.69051
720 1651 6.98665 6.75266 2.46441
