4 372 227 -272.274
5 398 124 -107.357
7 292 261 -346.483
8 514 1063 -278.635
11 439 763 -20.7564
13 545 945 -347.794
14 572 628 -141.259
17 519 563 -104.945
18 298 435 -326.45
19 334 80 -154.522
22 703 976 -263.708
23 49 1034 -92.9956
25 497 463 -137.714
26 367 424 -290.89
27 461 995 -134.874
28 100 360 -262.208
31 274 194 -172.157
32 266 148 -123.325
34 590 447 -324.407
35 154 1004 -324.989
36 257 559 -359.483
37 486 159 -105.749
38 603 465 -236.781
41 447 583 -52.464
42 102 1159 -314.445
43 238 1158 -226.535
45 612 582 -100.626
47 694 375 -112.048
49 675 858 -175.058
50 51 903 -251.017
51 471 348 -194.227
52 518 419 -108.87
53 125 390 -105.787
54 617 933 -285.938
55 725 181 -125.362
56 235 47 -253.766
57 590 172 -231.564
58 362 865 -321.068
59 309 648 -281.756
61 402 686 -133.099
63 720 899 -201.447
64 158 450 -272.715
65 607 801 -288.873
66 431 377 -328.448
68 86 643 -83.1486
69 328 722 -14.0994
70 226 522 -213.676
71 691 475 -326.073
72 443 908 -161.266
74 721 354 -278.914
75 653 109 -333.128
76 353 805 -307.395
79 148 681 -356.675
80 49 104 -184.665
81 514 706 -36.7079
82 69 479 -263.238
83 126 481 -16.1488
84 647 367 -9.76554
88 570 1138 -169.975
89 82 736 -218.94
90 790 671 -172.341
91 558 1007 -190.196
92 140 191 -229.735
94 809 886 -187.16
95 787 873 -151.325
96 776 1025 -17.1435
97 643 298 -56.6565
98 411 462 -156.341
99 325 776 -185.473
100 133 600 -46.2771
103 142 100 -117.985
104 291 1063 -239.229
105 121 915 -347.763
106 144 942 -28.8271
107 495 787 -238.805
108 128 539 -359.097
109 804 429 -18.846
110 242 591 -19.4538
111 33 810 -270.475
112 103 232 -118.055
113 664 664 -353.294
114 199 1080 -26.2843
115 702 261 -234.985
117 564 107 -263.019
118 441 1092 -272.13
119 635 265 -142.964
120 507 130 -47.6101
122 314 1176 -275.554
123 535 338 -266.026
124 37 354 -141.021
126 214 223 -19.4677
127 53 1161 -339.612
128 624 235 -175.276
129 48 842 -42.8663
130 250 1078 -110.435
131 238 298 -168.268
132 147 32 -171.246
133 804 368 -270.437
134 766 346 -238.82
135 50 176 -358.549
136 429 75 -160.107
137 682 187 -147.421
138 614 1136 -252.005
139 208 977 -243.678
140 193 1166 -64.8069
143 652 1096 -35.6942
144 44 682 -56.4161
145 87 134 -101.349
146 734 607 -198.35
147 72 38 -35.2397
148 267 354 -99.2245
149 78 561 -112.613
150 45 278 -281.013
151 636 566 -84.0715
152 36 735 -356.507
154 788 1068 -178.653
155 417 307 -92.2979
156 19 1183 -297.777
157 785 1211 -1.25941
160 775 266 -233.815
161 602 510 -296.804
162 800 307 -305.924
163 587 223 -236.896
164 537 806 -45.8476
166 577 301 -13.3014
167 776 730 -319.559
168 692 625 -260.235
169 233 660 -315.137
170 695 561 -252.793
171 565 138 -109.333
172 178 599 -52.3979
173 233 146 -41.2744
174 652 702 -151.65
175 132 835 -7.10754
176 774 566 -293.41
177 621 1068 -202.607
178 323 953 -171.369
179 392 1029 -335.365
180 194 1209 -34.3206
181 116 1202 -117.013
182 235 707 -221.658
183 657 15 -334.227
184 623 1009 -20.1273
185 677 1000 -87.1307
186 258 484 -251.409
187 596 718 -346.446
188 219 908 -88.0403
189 739 804 -259.724
190 809 36 -33.7352
191 265 945 -167.932
192 729 1160 -334.813
193 30 912 -172.724
194 324 1163 -176.787
195 757 76 -260.67
196 833 1020 -160.814
198 423 1203 -259.239
199 200 585 -293
200 26 1117 -299.325
201 261 1199 -176.893
202 255 773 -79.5174
203 452 508 -36.7752
204 831 917 -319.288
205 165 852 -95.1202
206 835 362 -79.7237
207 788 451 -99.7126
209 37 302 -214.305
210 728 129 -260.984
211 301 20 -192.064
212 781 182 -136.159
213 162 901 -58.3571
214 284 1004 -121.734
216 751 772 -295.444
217 715 729 -103.191
218 675 1182 -276.536
219 563 14 -84.1501
220 202 744 -62.2771
221 725 294 -169.6
222 497 75 -355.507
223 662 799 -159.345
224 825 627 -160.88
225 485 1209 -9.48941
226 462 1131 -105.576
227 263 891 -168.883
228 788 109 -341.802
229 689 1147 -99.6842
230 46 608 -225.952
231 402 21 -263.279
232 402 1098 -222.45
233 461 1170 -326.449
234 187 839 -32.1218
235 635 1215 -93.3585
236 149 143 -251.589
237 364 1051 -286.632
238 35 28 -293.672
239 559 700 -217.861
240 827 134 -64.483
241 333 1008 -348.28
242 382 976 -149.951
243 12 771 -47.9932
244 790 19 -313.87
245 725 644 -96.9525
246 430 37 -351.441
247 203 790 -100.703
248 454 16 -114.594
249 308 876 -355.708
250 19 82 -176.899
251 651 494 -112.288
252 778 1178 -9.27606
254 193 394 -309.084
255 813 192 -236.911
256 245 742 -36.3347
257 191 359 -272.04
258 413 616 -73.0644
259 582 26 -193.227
260 205 337 -199.567
261 765 1150 -19.5064
262 133 802 -140.887
263 833 1083 -75.8111
264 687 46 -141.731
265 566 759 -41.2789
266 701 1042 -227.306
267 123 752 -184.053
268 734 255 -36.3469
269 260 819 -201.818
270 829 552 -164.454
271 246 408 -246.685
272 658 49 -53.5121
273 570 59 -29.7399
274 806 96 -59.0802
275 834 975 -288.622
276 380 1177 -149.757
277 827 831 -265.338
278 15 490 -328.183
279 189 24 -186.546
280 785 516 -25.4376
281 837 1204 -189.166
282 664 527 -322.66
283 172 791 -316.267
284 790 155 -308.035
285 830 857 -69.4934
286 15 636 -12.4297
287 127 777 -18.5203
288 396 1174 -353.411
289 548 57 -256.676
290 533 753 -172.957
291 386 1138 -25.2953
292 293 850 -314.772
293 96 14 -101.5
294 18 590 -82.7459
295 818 65 -134.068
296 682 1215 -19.9294
297 755 467 -116.237
