0 2224 1035 -267
1 332 1826 -250
2 1261 2442 -125
3 2254 376 -194
4 1750 1243 -322
5 330 2015 -354
6 1011 2444 -29
7 331 913 -250
8 333 2327 -143
9 368 995 -273
10 978 889 -175
11 1511 1806 -237
12 1410 1966 -212
13 804 2337 -218
14 1028 686 -126
15 205 1149 -201
16 1452 2318 -64
17 1715 1629 -227
18 1119 2275 -340
19 2071 176 -359
20 2258 1808 -9
21 1773 135 -138
22 1545 1283 -145
23 704 2439 -204
24 1171 534 -31
25 1526 411 -309
26 1233 268 -234
27 842 1134 -149
28 1805 1119 -206
29 151 279 -99
30 2171 260 -305
31 2283 975 -281
32 1470 483 -296
33 238 431 -303
34 2016 492 -146
35 1412 1003 -197
36 1069 301 -72
37 480 1026 -3
38 426 542 -222
39 481 730 -116
40 1913 2418 -105
41 355 2165 -43
42 157 782 -333
43 1627 493 -3
44 303 583 -240
45 1012 1039 -190
46 95 1381 -82
48 762 2379 -315
49 1260 1925 -123
50 1274 941 -248
51 313 1439 -130
52 809 1983 -333
53 273 1309 -338
54 2365 303 -270
55 456 2382 -46
56 1844 508 -68
57 1331 459 -111
58 1495 1235 -106
59 343 2423 -332
60 1136 436 -200
61 1412 635 -20
62 301 257 -311
63 1117 869 -105
64 939 1301 -302
65 1919 2239 -261
66 470 1386 -54
67 714 1744 -281
68 2380 735 -302
69 26 1387 -259
70 847 886 -45
71 2313 2445 -164
72 793 1342 -240
73 373 1691 -313
74 2073 1999 -216
75 519 2240 -190
77 200 540 -84
78 1576 1903 -151
79 1964 1194 -94
80 2133 1801 -133
81 1153 1766 -52
82 2109 929 -99
83 558 2416 -112
84 1736 1959 -91
85 1660 980 -124
86 1147 1160 -328
87 1814 1812 -64
88 2049 1056 -238
89 1546 1121 -171
90 2168 1663 -78
91 61 291 -168
92 1659 1511 -101
93 1608 293 -100
94 1797 2199 -207
95 2102 2194 -313
96 985 1200 -83
97 626 977 -326
98 1588 48 -31
99 1581 2173 -304
100 1400 1179 -344
101 629 1538 -163
102 197 2279 -344
103 1040 1573 -209
104 2379 857 -309
105 505 1141 -80
106 2076 943 -202
107 2258 1631 -51
108 236 1545 -138
109 1980 1436 -266
110 1293 837 -171
111 47 2086 -90
112 637 1685 -142
113 1912 904 -234
114 548 2029 -271
115 307 1597 -121
117 262 87 -291
118 2151 1569 -222
119 435 1703 -273
120 1607 672 -16
121 2180 1978 -172
123 2397 2240 -6
124 813 2121 -1
125 1311 79 -125
126 378 2048 -217
127 1723 2201 -179
128 1965 1562 -26
129 754 75 -13
130 459 2020 -325
131 426 1523 -281
132 2137 445 -274
133 1214 2200 -231
134 1870 1890 -293
135 1199 1066 -295
136 1777 379 -94
137 1924 2000 -279
138 1367 324 -148
139 1796 98 -71
140 648 853 -348
141 1951 862 -127
142 2394 1119 -13
143 1907 1742 -345
144 1810 1951 -14
145 702 627 -129
147 691 348 -137
148 1655 2470 -25
149 917 2181 -199
150 1778 691 -4
151 1706 486 -273
152 2036 1940 -168
153 1239 1008 -128
154 1113 966 -92
155 156 94 -203
157 289 2481 -332
158 381 303 -40
159 1568 146 -216
160 1243 1743 -164
161 542 327 -148
162 1869 2081 -180
163 84 2242 -98
164 1952 463 -234
165 730 2235 -348
166 1019 1922 -116
167 176 2074 -289
168 1446 118 -1
170 2018 2415 -44
171 744 330 -305
172 2003 1720 -315
173 708 2073 -123
175 1853 2355 -275
176 408 426 -82
177 2012 2040 -169
178 1357 2120 -42
179 1360 1380 -354
180 926 1612 -108
181 511 1519 -127
182 1706 911 -189
184 1410 23 -12
185 598 1763 -293
186 616 33 -195
188 1282 1175 -30
189 2419 1359 -112
190 202 2488 -269
191 518 548 -170
192 906 2113 -206
193 2065 1734 -173
194 2378 1937 -291
195 838 364 -180
196 395 753 -191
197 1083 131 -167
198 745 1837 -100
199 1273 442 -338
200 1518 1018 -132
202 2034 389 -105
203 1912 299 -354
204 1706 2386 -40
205 1762 25 -293
207 681 1398 -128
208 1810 1668 -132
209 1678 2230 -35
210 705 1191 -268
211 1221 1375 -6
212 50 322 -37
213 2379 1526 -69
214 2206 101 -69
215 87 1662 -201
216 2389 2013 -32
217 1748 2087 -175
218 893 148 -141
219 252 146 -10
220 981 446 -168
221 624 483 -215
222 648 2296 -318
223 1996 2500 -249
224 856 1825 -223
225 1344 189 -201
226 30 1847 -88
227 2291 2130 -353
230 1300 538 -290
231 1526 2061 -61
232 828 444 -262
233 894 571 -338
234 1974 2140 -25
235 2245 1510 -122
236 490 2147 -211
237 595 2358 -221
238 31 1209 -34
239 19 2000 -249
240 2386 1222 -116
241 598 1219 -61
244 283 2226 -178
245 2016 1608 -106
246 313 33 -143
247 1020 1850 -181
248 2365 2130 -22
249 31 1042 -95
251 1599 838 -2
253 1041 562 -49
255 2083 1857 -137
256 2020 975 -358
258 2274 1447 -86
259 995 1512 -150
260 77 2194 -84
261 675 185 -171
262 1378 1524 -177
265 451 1645 -90
266 1397 1407 -76
267 1387 1686 -91
268 1885 1971 -253
270 1349 2205 -136
271 1310 2232 -35
272 2048 1877 -140
275 1638 178 -275
277 2142 355 -322
278 912 20 -63
279 2055 1344 -341
281 115 437 -39
283 196 1683 -276
284 75 926 0
285 494 51 -235
286 574 1496 -305
287 2129 1417 -20
289 736 816 -282
293 1565 1523 -261
294 1617 2095 -212
295 739 2147 -273
296 612 2237 -249
298 1048 1180 -244
299 1882 1769 -324
302 1267 1577 -104
303 67 1228 -243
304 2030 238 -235
311 62 1121 -45
313 2258 699 -273
314 1677 2369 -350
315 177 139 -167
316 94 18 -359
317 35 778 -251
318 2114 2482 -354
321 1824 2085 -242
322 855 2497 -201
323 649 89 -148
324 520 27 -246
325 677 1290 -164
326 74 57 -337
328 1585 770 -334
329 66 759 -74
330 1365 81 -354
332 767 274 -96
333 743 802 -79
335 697 1106 -190
336 559 2142 -130
338 917 68 -85
339 1888 1394 -302
340 2014 302 -164
341 1356 1092 -49
342 665 1180 -80
343 551 178 -79
344 848 87 -103
345 181 44 -351
348 1737 815 -16
349 580 1102 -247
350 2341 69 -187
351 39 31 -29
352 1673 847 -340
357 567 92 -123
358 263 1669 -133
359 1790 2383 -342
361 2025 1810 -297
363 2352 28 -310
364 89 567 -289
365 655 265 -223
366 1691 2313 -137
367 1758 508 -45
368 1957 352 -263
369 870 271 -23
371 967 529 -332
372 2298 2196 -145
373 720 232 -190
374 713 833 -42
376 1029 1806 -104
377 1956 260 -329
378 641 1134 -233
380 989 14 -226
381 2409 26 -356
382 980 577 -272
384 14 94 -238
385 1154 2504 -356
386 13 475 -119
388 2186 646 -187
390 684 231 -312
391 393 2509 -9
392 569 2198 -223
393 49 498 -138
394 2268 25 -277
395 1002 150 -56
396 2070 1791 -224
397 2297 13 -236
