0 1623 1546 -270
1 439 1194 -200
2 1704 323 -288
3 1840 1621 -222
4 4204 2220 -340
5 4852 1358 -254
6 1706 126 -190
7 1033 674 -1
8 778 1371 -122
9 1035 423 -144
10 2042 2711 -331
11 4058 2291 -222
12 5075 487 -275
13 112 564 -108
14 3548 1189 -277
15 2377 1611 -44
16 338 1015 -229
17 164 832 -255
18 1376 786 -269
19 680 2650 -281
20 2404 123 -86
21 2005 983 -57
22 282 2223 -4
23 984 2475 -281
24 4263 1461 -61
25 3514 2141 -197
26 3053 1844 -137
27 2457 2467 -300
28 3906 402 -11
29 4377 2203 -56
30 4869 1103 -336
31 1477 259 -82
32 4909 865 -107
33 714 1149 -156
34 3441 2142 -270
35 2345 393 -168
36 2188 2669 -348
37 5022 1249 -247
38 3254 545 -59
39 4278 2373 -316
40 33 636 -105
41 3691 1227 -44
42 3196 2031 -15
43 3312 678 -114
44 1899 288 -232
45 4796 2644 -159
46 1425 1063 -27
47 971 1202 -129
48 636 1535 -240
49 4561 2202 -326
50 1359 1599 -354
51 2408 2387 -294
52 3365 1886 -293
53 2773 1370 -335
54 4407 1333 -92
55 183 2298 -25
56 4297 1153 -15
57 907 2038 -287
58 3817 164 -161
59 5057 232 -167
60 2309 2642 -174
61 3543 148 -202
62 2937 1656 -65
63 2308 2827 -217
64 1197 2258 -61
65 3243 184 -263
66 1492 1670 -341
67 2654 1557 -273
68 1763 532 -278
69 2573 157 -286
70 3764 1576 -83
71 2047 2464 -38
72 2856 1068 -153
73 4106 1174 -14
74 1888 985 -45
75 4942 1592 -203
76 2176 2156 -256
77 873 567 -340
78 2573 1300 -306
79 830 1731 -357
80 154 1837 -281
81 1774 423 -147
82 3292 65 -221
83 1972 1632 -21
84 2735 1039 -321
85 1193 139 -28
86 3264 1916 -345
87 1960 2116 -282
88 954 735 -198
89 2073 2847 -106
90 1805 1216 -74
91 1597 2511 -297
92 4887 428 -333
93 1608 2391 -195
94 1946 1289 -257
95 2513 1706 -352
96 3161 1296 -12
97 2396 2609 -98
98 3601 2757 -276
99 1615 45 -160
100 2321 2050 -77
101 3216 2105 -101
102 2182 2294 -245
103 1106 298 -289
104 4970 1127 -263
105 4201 1288 -99
106 544 2720 -160
107 3708 986 -83
108 5143 744 -263
109 3667 101 -278
110 236 1986 -267
111 360 500 -64
112 1795 1398 -160
113 2704 837 -160
114 2592 65 -239
115 1818 2820 -199
116 2811 1590 -324
117 3061 1517 -172
118 799 2670 -100
119 1742 2206 -205
120 3252 808 -242
121 2537 1402 -171
122 620 155 -358
123 3336 1139 -94
124 1949 133 -46
125 2078 2899 -244
126 3919 2240 -328
127 4796 294 -166
128 111 2022 -21
129 616 1297 -192
130 2756 1215 -153
131 623 894 -297
132 1605 1201 -36
133 2953 1490 -356
134 2457 406 -112
135 4962 330 -36
136 1046 956 -245
137 4555 870 -75
138 1055 2648 -16
139 1813 1860 -62
140 2978 817 -131
141 1125 727 -308
142 1225 1963 -66
143 155 316 -338
144 172 721 -246
145 1268 1178 -25
146 3555 1529 -34
147 2879 1799 -7
148 5017 2683 -35
149 1194 2490 -319
150 3113 1687 -118
151 3807 2026 -59
152 2856 709 -25
153 3918 2000 -133
154 3807 303 -83
155 273 1623 -82
156 343 1987 0
157 2981 1122 -305
158 2850 908 -171
159 181 504 -236
160 4071 2001 -310
161 3992 1257 -89
162 1007 208 -170
163 4411 2419 -81
164 790 2463 -262
165 622 1455 -326
166 333 2741 -288
167 3427 146 -175
168 2846 506 -112
169 3854 2229 -349
170 2118 734 -169
171 2097 1050 -190
172 885 1553 -153
173 2235 613 -200
174 5065 1328 -256
175 3130 742 -260
176 544 1070 -24
177 5046 661 -1
178 149 1251 -154
179 5042 808 -120
180 2727 1725 -247
181 4887 2818 -108
182 1961 2251 -254
183 1320 1775 -80
184 1771 2322 -274
185 4672 364 -14
186 3915 2423 -199
187 3478 1016 -221
188 2010 1430 -116
189 2585 2530 -56
190 4172 1964 -134
191 1247 2053 -124
192 2662 2046 -168
193 3590 958 -256
194 1874 2686 -192
195 888 2673 -84
196 1703 1391 -333
197 3535 2622 -253
198 2449 1526 0
199 2459 2805 -120
200 1547 1799 -133
201 2279 1396 -14
202 3141 1958 -227
203 2023 1664 -131
204 4395 768 -354
205 3330 1241 -186
206 4798 2196 -219
207 4535 1297 -13
208 4444 695 -164
209 4020 1674 -242
210 1453 1890 -237
211 70 288 -17
212 644 1639 -305
213 320 270 -118
214 4746 2829 -238
215 2525 2134 -325
216 4722 1199 -119
217 3658 2352 -46
218 4212 1024 -30
219 4596 2360 -131
220 935 1718 -198
221 211 1103 -269
222 2410 1311 -189
223 2838 1906 -349
224 1705 1659 -337
225 382 2834 -232
226 1612 1099 -250
227 3763 553 -167
228 4607 2100 -2
229 467 1512 -329
230 1060 2059 -139
231 2063 1268 -163
232 2587 1180 -181
233 4358 938 -239
234 4041 1079 -223
235 5037 2137 -70
236 3284 2223 -154
237 3854 1047 -342
238 91 1073 -84
239 1533 1346 -240
240 171 1400 -282
241 822 422 -260
242 4941 672 -287
243 3458 1588 -63
244 3657 1653 -221
245 286 705 -291
246 3697 1912 -290
247 2437 1028 -248
248 2094 1983 -111
249 269 499 -236
250 5076 1443 -241
251 3698 2279 -303
252 4178 127 -316
253 3007 2564 -207
254 3847 1182 -13
255 2647 2333 -99
256 3856 1696 -109
257 3162 2415 -287
258 1595 2218 -48
259 1693 632 -39
260 4589 2685 -76
261 3358 960 -208
262 2193 520 -149
263 4050 368 -263
264 4070 583 -318
265 3946 176 -54
266 3766 1761 -344
267 4628 155 -207
268 3055 265 -3
269 5040 1596 -187
270 1553 433 -59
271 2212 1693 -37
272 4485 2579 -223
273 4281 135 -298
274 4853 2493 -40
275 1379 2368 -114
276 3092 409 -261
277 1990 1885 -231
278 4076 2461 -202
279 1915 2590 -250
280 2999 2404 -265
281 4144 719 -297
282 3188 2868 -233
283 2282 1850 0
284 780 2175 -17
285 5036 2812 -316
286 4467 2817 -286
287 2959 2024 -98
288 2771 2126 -239
289 480 2584 -129
290 37 1787 -103
291 1248 406 -164
292 640 643 -122
293 4019 2033 -201
294 4278 615 -309
295 2853 2749 -286
296 2786 2253 -301
297 4516 1482 -237
298 404 686 -189
299 2099 1638 -353
300 2683 682 -169
301 954 1881 -169
302 5057 952 -106
303 1479 2516 -306
304 269 2645 -134
305 914 2273 -19
306 2792 2056 -278
307 2551 1515 -206
308 3210 2243 -205
309 536 1973 -298
310 1487 623 -354
311 4533 1670 -310
312 1185 537 -29
313 1880 1976 -333
314 784 705 -279
315 75 1825 -52
316 1671 2837 -230
317 1265 2284 -12
318 1816 2458 -78
319 1590 610 -10
320 1277 287 -228
321 731 1007 -333
322 2852 2351 -126
323 2264 1568 -112
324 2632 565 -317
325 1114 2351 -267
326 2534 2675 -37
327 2247 897 -83
328 3139 1100 -352
329 495 49 -342
330 5016 2537 -172
331 2174 1253 -333
332 4541 91 -311
333 4930 1787 -92
334 4327 2540 -327
335 2098 647 -166
336 2879 2572 -278
337 923 926 -185
338 3174 317 -68
339 1082 1112 -63
340 1327 2467 -326
341 100 1493 -52
342 2923 1265 -163
343 2944 1357 -68
344 3080 2830 -50
345 2594 888 -150
346 3543 699 -30
347 1318 903 -237
348 3807 2733 -69
349 1565 2797 -115
350 5064 2238 -75
351 3736 1470 -184
352 1243 719 -82
353 4683 1801 -257
354 3431 2305 -56
355 5138 324 -119
356 3528 2359 -195
357 2212 1137 -260
358 4893 215 -55
359 2653 2220 -309
360 673 2455 -231
361 86 1631 -63
362 3367 2503 -167
363 3877 866 -189
364 278 1706 -206
365 4723 1994 -130
366 4202 493 -252
367 4905 542 -130
368 5090 100 -203
369 796 2252 -213
370 2346 613 -322
371 4383 1549 -25
372 1395 1259 -108
373 4049 1369 -328
374 3838 1877 -337
375 3606 598 -134
376 681 82 -319
377 2009 2040 -93
378 2691 2424 -266
379 1558 1040 -215
380 4665 1341 -5
381 4407 972 -282
382 2086 1788 -213
383 4689 988 -262
384 2579 450 -186
385 177 2851 -260
386 4955 78 -281
387 1812 1082 -256
388 3704 2737 -84
389 1767 1791 -181
390 650 1921 -292
391 3612 1377 -107
392 1480 2655 -152
393 4540 215 -164
394 4039 2817 -357
395 270 2473 -119
396 1010 2811 -215
397 277 35 -65
398 5039 2064 -261
399 900 91 -352
400 4407 2651 -89
401 4558 1604 -26
402 1899 799 -76
403 3149 2580 -70
404 4411 1842 -56
405 4697 2453 0
406 2503 1894 -65
407 4512 362 -248
408 2231 318 -106
409 3704 2077 -162
410 1501 890 -312
411 615 2305 -16
412 4601 2820 -250
413 3213 1363 -75
414 2097 885 -55
415 2690 333 -137
416 2923 462 -232
417 951 1356 -238
418 4752 1504 -114
419 1167 899 -184
420 477 413 -358
421 3236 2584 -262
422 771 2036 -49
423 3052 1283 -275
424 4510 2389 -91
425 1933 2356 -272
426 4411 1743 -24
427 4151 1634 -331
428 3011 960 -337
429 2357 1027 -275
430 995 2604 -42
431 2949 231 -255
432 4879 1534 -74
433 2510 2021 -168
434 357 2577 -110
435 3691 755 -256
436 3056 101 -237
437 5053 1783 -226
438 4094 894 -8
439 1375 111 -179
440 253 299 -315
441 4305 320 -343
442 4379 1692 -343
443 489 1323 -304
444 3257 325 -95
445 4020 701 -284
446 2777 305 -154
447 4256 1751 -73
448 3797 816 -60
449 3952 2618 -290
450 413 1019 -263
451 2762 2629 -21
452 3643 1784 -290
453 3594 785 -299
454 1157 2864 -137
455 4048 1507 -153
456 2497 2185 -146
457 2016 420 -215
458 336 1312 -294
459 3760 2441 -193
460 2427 877 -193
461 2559 1016 -105
462 1524 783 -164
463 3429 1396 -45
464 1727 2650 -293
465 364 2404 -88
466 4262 1538 -13
467 1117 2711 -154
468 616 2478 -226
469 2905 2881 -173
470 3508 1720 -307
471 4253 2053 -215
472 406 863 -206
473 1583 2336 -139
474 1993 497 -172
475 4615 1192 -259
476 4017 48 -190
477 419 314 -172
478 4091 1800 -319
479 1368 383 -181
480 3217 2741 -161
481 4970 1966 -251
482 806 827 -131
483 2059 1510 -253
484 4722 685 -278
485 1330 658 -186
486 3342 2786 -285
487 1419 2267 -189
488 270 1546 -146
489 739 1893 -70
490 2987 2725 -87
491 2738 2515 -75
492 4090 740 -59
493 1403 420 -136
494 2208 52 -29
495 2739 171 -44
496 841 1925 -77
497 4695 535 -37
498 491 805 -159
499 2550 1118 -98
500 887 340 -171
501 2853 2438 -114
502 568 2856 -172
503 1682 1047 -184
504 5074 2392 -336
505 1410 2747 -202
506 3428 286 -301
507 4757 2110 -145
508 718 2843 -170
509 2627 2646 -102
510 1224 1646 -316
511 3832 610 -261
512 3445 455 -116
513 197 2709 -338
514 1495 86 -204
515 494 484 -22
516 1583 1976 -80
517 4715 2305 -91
518 1636 1350 -308
519 4224 890 -99
520 525 922 -162
521 3218 1457 -288
522 3459 2787 -106
523 3698 2168 -215
524 3249 1066 -111
525 4726 903 -242
526 627 737 -228
527 4867 2025 -67
528 42 2438 -227
529 2646 2841 -156
530 546 279 -147
531 4595 1907 -10
532 3097 637 -254
533 1708 761 -250
534 726 224 -18
535 1360 2234 -246
536 4837 1641 -106
537 5122 2058 -230
538 4078 183 -7
539 807 908 -335
540 3746 676 -183
541 3243 1751 -27
542 2190 2027 -181
543 1234 1261 -115
544 1410 1409 -196
545 4618 546 -291
546 2289 1270 -320
547 2941 2830 -205
548 5133 2440 -144
549 4547 1112 -174
550 3439 860 -100
551 4691 1079 -306
552 1458 439 -338
553 4784 512 -288
554 2978 527 -319
555 376 132 -124
556 1307 2867 -60
557 3026 2248 -254
558 3542 2498 -208
559 483 2393 -201
560 1650 1961 -297
561 267 1413 -146
562 2916 2251 -330
563 4041 976 -103
564 4245 780 -31
565 997 2235 -103
566 93 993 -194
567 3358 1391 -225
568 3906 2493 -304
569 4450 448 -41
570 5088 1057 -318
571 2429 1170 -125
572 4611 2546 -167
573 3420 457 -10
574 4728 811 -91
575 775 2324 0
576 1850 51 -124
577 4421 555 -114
578 1193 1721 -160
579 4821 97 -241
580 117 81 -280
581 506 2148 -350
582 2230 156 -270
583 2497 265 -313
584 2946 2171 -111
585 491 584 -270
586 3352 1528 -74
587 272 1814 -95
588 4057 2576 -323
589 4692 2579 -115
590 1015 1555 -51
591 3316 1368 -147
592 4217 2469 -280
593 1138 1263 -61
594 2139 1366 -193
595 3535 466 -321
596 1294 2130 -48
597 4419 321 -141
598 4896 2131 -27
599 1347 2594 -70
600 487 1687 -305
601 4525 948 -326
602 520 2263 -20
603 1673 895 -322
604 3390 742 -350
605 4782 1864 -280
606 4064 476 -275
607 3993 855 -174
608 4647 1428 -307
609 472 138 -312
610 2379 2293 -46
611 4588 1846 -7
612 868 1098 -147
613 2004 55 -232
614 1155 1412 -241
615 3106 2716 -248
616 3396 2420 -123
617 3941 2868 -208
618 4811 1934 -250
619 4262 711 -49
620 418 1692 -192
621 645 2183 -58
622 4300 576 -113
623 259 71 -350
624 3933 2806 -221
625 671 483 -186
626 951 1095 -8
627 2521 2839 -193
628 4984 2473 -283
629 1385 2110 -337
630 701 549 -327
631 1186 1038 -159
632 1164 1862 -63
633 3713 2574 -81
634 4310 460 -285
635 4363 2078 -46
636 1000 2131 -207
637 3648 392 -107
638 3298 2396 -332
639 4144 39 -172
640 1517 2087 -4
641 3062 2114 -193
642 4431 1128 -312
643 2201 435 -210
644 2590 2837 -139
645 3572 2870 -88
646 4948 24 -261
647 2862 230 -191
648 3924 736 -335
649 4374 206 -83
650 3934 596 -33
651 4813 1769 -199
652 4336 2754 -157
653 3510 759 -250
654 806 229 -38
655 1731 1927 -160
656 3945 2726 -181
657 825 2824 -294
658 2108 293 -280
659 3346 1651 -254
660 1449 2781 -18
661 1705 2535 -51
662 4133 2880 -191
663 1089 1774 -352
664 3736 1388 -71
665 3525 356 -326
666 53 1245 -175
667 559 1830 -128
668 3753 39 -106
669 3842 2633 -185
670 458 696 -61
671 1088 1541 -304
672 3391 1717 -47
673 59 2279 -289
674 793 77 -94
675 2563 336 -192
676 238 903 -307
677 1249 1515 -41
678 2991 697 -79
679 1126 1382 -159
680 3314 313 -112
681 3817 2862 -273
682 5119 1704 -345
683 4458 2030 -294
684 1304 1042 -203
685 863 2871 -167
686 991 2887 -185
687 4069 2677 -231
688 5127 1515 -6
689 3109 2315 -223
690 2048 228 -107
691 2305 759 -246
692 2028 329 -334
693 2880 130 -160
694 677 419 -320
695 1085 1680 -253
696 1422 2009 -302
697 5169 2100 -48
698 1067 1942 -80
699 4269 1886 -226
700 458 1827 -95
701 4173 1783 -242
702 5149 2849 -226
703 4306 2675 -169
704 3639 2576 -210
705 163 2432 -18
706 895 994 -145
707 4340 2891 -312
708 2776 71 -84
709 2185 1923 -320
710 2276 1026 -89
711 4526 735 -42
712 180 162 -261
713 5069 1970 -154
714 4578 492 -308
715 5161 2701 -237
716 3381 2590 -214
717 1250 1328 -226
718 741 346 -252
719 58 2735 -234
720 617 371 -338
721 5154 1166 -250
722 2738 2876 -82
723 425 223 -298
724 92 895 -151
725 904 200 -291
726 1097 65 -298
727 4809 26 -342
728 1274 1430 -212
729 4511 504 -339
730 1650 2089 -81
731 4589 2011 -253
732 4197 2787 -228
733 51 2858 -134
734 4808 2270 -22
735 2186 1564 -118
736 5080 1154 -21
737 2560 1782 -79
738 3606 476 -131
739 22 1494 -49
740 2876 330 -335
741 1327 1407 -213
742 1018 1426 -193
743 3609 364 -129
744 3229 1664 -20
745 4105 2798 -179
746 3845 1403 -88
747 3711 2871 -48
748 598 1704 -5
749 4604 1950 -246
750 4835 2369 -328
751 1179 2612 -53
752 2969 617 -232
753 1737 914 -59
754 3246 925 -338
755 4516 1769 -258
756 3557 1831 -304
757 2400 757 -18
758 1261 2769 -153
759 2180 1808 -327
760 1164 1563 -292
761 1781 2090 -141
762 1106 2167 -15
763 4345 1884 -301
764 1648 1793 -118
765 1384 537 -132
766 2627 1785 -124
767 2461 747 -44
768 4638 1521 -338
769 2141 355 -55
770 2592 1902 -337
771 4763 189 -206
772 111 2716 -338
773 3448 2655 -65
774 4911 1936 -317
775 101 2450 -3
776 1315 53 -139
777 4411 1916 -330
778 5138 2581 -192
779 2507 2295 -32
780 2783 25 -74
781 3836 1290 -118
782 2934 71 -197
783 1937 2521 -297
784 2208 1474 -277
785 601 555 -313
786 4476 1932 -91
787 4614 1740 -69
788 2760 573 -312
789 554 1736 -11
790 4156 2691 -285
791 565 2418 -328
792 1021 58 -116
793 1324 2745 -151
794 2700 1831 -237
795 4693 31 -321
796 894 281 -336
797 4942 2369 -168
798 1449 2871 -311
799 4212 2686 -244
800 3859 1347 -243
801 1061 1310 -148
802 5159 1795 -310
803 36 1354 -102
804 1161 1488 -55
805 5152 1968 -160
806 3344 2659 -220
807 1529 2012 -128
808 594 419 -194
809 538 704 -303
810 63 146 -346
811 1807 2536 -73
812 4262 1645 -217
813 3137 2205 -75
814 113 2636 -154
815 2879 63 -109
816 4841 2305 -2
817 275 123 -93
818 2965 334 -129
819 3642 2485 -149
820 4604 663 -309
821 2198 1051 -40
822 1907 2871 -48
823 4291 2825 -206
824 5060 2890 -227
825 2295 26 -218
826 1182 2653 -204
827 87 2570 -256
828 2708 1932 -180
829 2307 1169 -101
830 2631 271 -170
831 2216 985 -100
832 1791 838 -43
833 3879 46 -32
834 1814 913 -45
835 4165 2594 -53
836 4235 2878 -166
837 1084 1842 -31
838 1022 1323 -120
839 1935 2421 -214
840 3784 2547 -310
841 4760 89 -15
842 5134 1578 -39
843 1311 2670 -233
844 2124 40 -342
845 5140 1625 -239
846 928 37 -266
847 1175 51 -11
848 1187 2723 -186
849 30 45 -301
850 1220 38 -157
851 1113 2218 -81
852 5156 1891 -31
853 3316 2885 -79
854 4366 2833 -340
855 1822 2901 -235
