0 1857 534 -42
1 1059 987 -222
3 1275 215 -96
4 1577 675 -273
5 2187 392 -296
6 890 886 -338
8 1126 547 -2
9 714 1010 -227
10 427 813 -243
11 1433 1321 -61
12 1928 315 -311
13 2054 622 -326
14 2012 1089 -201
15 1427 241 -305
16 471 252 -72
17 1436 394 -84
18 2110 361 -111
19 1593 788 -30
20 1184 1253 -253
21 2077 1019 -305
22 958 789 -201
23 1020 559 -16
24 1214 1115 -315
25 438 158 -125
26 101 465 -187
28 1318 520 -79
29 1268 1104 -133
30 611 582 -234
31 156 476 -333
32 2193 1041 -150
33 869 1010 -106
34 1316 1250 -212
35 1301 421 -289
36 568 895 -302
37 1329 99 -63
38 692 854 -233
39 1284 981 -261
40 1534 341 -119
41 1336 301 -39
42 1158 872 -116
44 1771 708 -3
45 1468 617 -127
46 2212 553 -340
47 2291 1092 -273
48 571 826 -83
50 2279 942 -122
51 419 666 -99
52 1778 272 -40
53 1455 468 -16
54 69 1078 -78
55 1173 632 -175
56 1097 709 -95
58 1738 774 -268
59 2019 807 -344
60 1298 911 -128
61 1441 1243 -291
63 2304 940 -112
64 95 838 -80
65 1282 852 -94
66 1116 419 -272
67 190 808 -206
68 133 1182 -281
69 360 606 -45
70 1498 1037 -108
71 498 680 -92
72 815 589 -348
73 757 661 -128
74 1902 1253 -279
75 620 1163 -223
77 1300 1334 -289
78 992 431 -215
79 1858 337 -305
80 1095 1227 -116
81 2195 909 -259
83 2297 609 -189
84 1029 198 -148
85 1533 833 -61
86 2239 666 -248
87 2190 1177 -100
90 1954 832 -106
91 432 1062 -138
92 505 503 -191
93 1910 179 -171
94 1319 642 -202
95 1471 938 -130
96 587 343 -31
97 1954 1286 -354
98 1298 1073 -132
99 917 428 -20
100 1381 530 -282
101 2304 1324 -90
102 2203 818 -328
103 71 351 -262
104 1492 469 -273
105 708 1329 -212
106 1568 1405 -249
107 847 379 -3
108 2136 238 -23
111 2210 622 -105
112 1191 1382 -84
113 1489 1232 -9
114 1122 160 -337
115 734 1162 -181
116 2076 1312 -169
117 1465 760 -149
118 2264 278 -168
121 1119 65 -259
122 508 409 -338
123 1681 518 -74
124 66 718 -171
125 768 741 -238
126 189 392 -200
127 1641 1173 -250
128 384 65 -277
129 461 413 -45
131 540 1246 -14
132 210 1028 -163
134 1686 1240 -172
135 529 844 -164
136 1698 202 -359
137 1197 52 -153
139 2323 730 -13
140 1646 894 -82
142 1205 762 -281
143 1800 1108 -313
144 816 1352 -271
145 914 1329 -180
146 1744 1292 -325
147 364 251 -354
148 1647 341 -82
149 294 243 -164
152 2014 1160 -104
153 127 305 -105
155 565 249 -190
156 196 1316 -175
157 806 1249 -216
158 1962 1390 -304
159 1091 454 -240
162 617 659 -124
163 1885 1058 -104
164 1100 1363 -42
165 485 1389 -130
167 1003 1118 -345
168 304 68 -12
169 1903 1010 -127
170 925 1397 -123
172 2222 1271 -249
173 349 46 -310
174 1189 1169 -140
175 2194 119 -29
177 1602 227 -270
178 340 150 -103
179 2255 253 -148
180 687 218 -234
181 702 185 -312
182 396 400 -222
183 1502 585 -250
184 334 902 -354
186 282 1248 -91
187 2305 868 -341
188 589 1406 -199
189 33 1378 -353
190 215 1371 -217
193 253 579 -309
195 1740 1381 -211
197 1345 924 -54
198 1736 291 -309
201 1271 49 -216
202 982 95 -236
203 146 71 -235
206 134 1064 -90
207 82 150 -275
208 2276 358 -338
209 150 1026 -51
215 1014 346 -303
216 1573 489 -251
217 728 118 -13
218 1172 193 -10
220 1619 98 -238
221 1996 63 -190
222 432 1318 -242
223 1396 978 -177
224 2123 143 -123
225 1222 137 -203
226 2211 981 -69
229 1335 1162 -237
230 701 714 -197
231 50 238 -99
232 254 259 -37
233 2085 790 -49
234 1199 685 -358
235 355 1007 -101
236 2323 196 -201
237 830 1131 -91
238 1569 436 -4
239 1900 36 -4
240 2167 745 -190
241 853 489 -334
242 2165 1293 -32
243 2319 454 -332
245 199 1230 -293
247 151 727 -295
248 215 75 -187
249 689 1198 -168
250 541 183 -223
252 881 450 -116
253 1841 228 -100
254 780 803 -247
256 446 33 -359
257 2081 1159 -88
258 1413 1150 -52
259 2137 1410 -206
260 932 515 -171
261 1245 69 -41
262 398 987 -86
263 202 195 -1
264 26 774 -45
265 833 1408 -273
266 1630 422 -129
268 335 1070 -26
270 1480 122 -195
271 1823 69 -293
272 638 150 -138
273 699 301 -322
274 1617 182 -141
275 957 336 -234
276 361 326 -274
278 1010 293 -180
279 2130 706 -267
280 1470 1145 -224
281 261 372 -170
284 1675 281 -194
285 14 968 -76
286 1036 49 -109
287 2128 1218 -123
288 211 1165 -137
289 1827 16 -321
290 682 788 -80
291 2024 1193 -297
293 917 1166 -64
294 894 21 -349
295 1681 321 -146
296 336 1035 -209
297 1497 1136 -293
298 841 227 -235
299 1623 475 -302
301 2235 29 -4
302 934 200 -329
303 938 1202 -333
305 1525 1115 -324
306 629 275 -94
307 841 51 -6
308 445 903 -6
309 381 890 -20
310 886 142 -216
311 800 358 -68
312 2182 1402 -1
313 592 478 -126
314 99 21 -243
315 17 299 -137
316 266 1420 -313
318 2123 1356 -43
319 1457 882 -240
320 328 974 -266
321 830 107 -69
322 549 126 -356
323 2316 133 -351
324 1741 18 -272
325 340 379 -273
326 1697 379 -138
327 1086 25 -71
328 910 1136 -173
329 1667 1094 -142
330 168 1411 -145
331 1773 845 -322
332 274 1068 -121
334 632 812 -244
335 1057 1112 -164
336 928 623 0
337 1091 1418 -22
338 1745 395 -290
339 718 1235 -151
341 1205 179 -167
342 29 168 -291
343 1588 164 -167
344 340 1417 -6
345 866 313 -168
347 2319 821 -34
348 1260 1410 -223
349 16 380 -49
350 32 1420 -136
351 1933 48 -143
352 1402 19 -135
353 227 110 -71
354 182 135 -354
355 776 151 -56
356 538 68 -31
357 1229 13 -179
358 2086 712 -132
359 872 1111 -276
361 2328 297 -263
362 902 1177 -133
363 2316 1420 -207
364 1798 1412 -25
366 1408 57 -246
367 773 26 -306
368 1404 846 -145
369 2121 746 -190
370 296 1001 -281
371 1493 70 -170
372 885 190 -79
373 735 23 -28
374 578 156 -148
375 789 116 -85
376 384 927 -302
377 506 50 -226
