137 3269 46.4045 8.94737 16.1406
246 1250 55.1005 7.75186 9.70479
149 2392 39.7113 9.97418 19.4279
15 8266 41.7469 12.2817 7.62451
19 5530 36.0127 10.3767 14.9963
152 2742 49.6802 3.16373 9.12504
45 4681 50.6552 3.2953 6.09163
121 4560 48.2006 3.9769 7.76083
120 4482 45.479 6.6456 7.6541
73 3832 47.0924 4.21023 8.97047
50 4249 45.1202 7.47499 7.14491
235 1703 45.5444 6.13527 10.2341
131 2438 47.025 4.66385 9.23911
300 555 52.0287 3.26854 7.86255
238 1433 48.0909 7.40432 5.98261
24 7128 43.2191 7.25741 5.33329
156 2193 51.2138 2.98237 5.19106
100 2978 39.5522 8.1622 10.637
49 4430 41.7977 8.37256 6.94676
304 412 48.8211 5.25607 7.28306
110 2341 44.8072 6.13311 7.48127
195 3184 45.9928 3.59928 7.59133
286 761 33.533 10.9976 15.429
69 3623 46.8507 4.04838 5.33096
9 8537 37.8541 6.30801 8.16056
66 1730 50.3896 0.976108 5.67906
101 4112 38.439 7.13744 8.69873
163 2157 47.4974 2.61442 5.59924
42 5131 35.7891 8.78422 8.57423
176 1916 34.5016 9.22502 11.8456
118 3807 37.8265 5.71639 10.1805
95 1841 33.7478 9.9292 11.7024
37 5858 40.2911 6.14487 5.52757
107 1257 42.9878 6.6551 6.14697
161 2040 39.7034 7.48277 7.59135
57 5860 42.1689 3.26691 6.13726
197 1294 34.029 10.1828 11.4009
251 1810 40.8522 6.81538 7.28732
33 3441 36.4501 8.48636 8.25937
72 3895 45.0064 4.42987 3.34102
46 4835 38.6512 4.47658 8.73539
258 1591 42.4638 5.97912 5.97075
53 4821 34.7097 8.00631 8.49824
134 2242 40.9659 6.20608 6.1966
294 960 46.5804 5.25476 3.13514
262 919 32.4312 9.69676 12.4157
119 4395 37.8975 7.24307 5.74874
139 1893 37.1756 4.72835 11.1088
52 5398 36.2966 7.79066 5.73356
241 312 46.8044 2.91175 5.66332
186 2609 38.3848 6.11338 7.46428
196 1925 45.4546 1.9342 5.08237
43 4721 37.5048 6.35209 6.00759
35 4720 36.8834 5.23017 7.59951
113 2726 44.4559 1.9453 4.9543
333 886 43.3727 6.44972 3.51392
240 2043 42.8649 5.52304 3.14308
47 4842 40.1748 4.46763 3.92542
41 6410 33.9487 7.85024 5.71867
204 2135 23.5834 14.5265 12.695
278 1059 39.5675 4.75018 7.46036
171 2028 38.6068 2.82081 8.8459
248 810 36.381 3.88426 11.6005
76 2976 23.5873 10.2263 15.236
20 5713 36.9529 5.83786 3.49278
307 564 42.2758 4.88752 4.14407
297 1334 31.2494 9.77728 8.99045
106 1899 32.3596 7.45091 9.13147
48 5395 30.8631 6.49075 8.53977
334 417 38.864 4.94251 7.112
61 4864 29.1143 5.79671 10.7541
91 3454 36.335 5.66237 4.74916
337 945 43.249 2.9425 3.15092
83 5128 34.3703 5.13007 5.72919
165 2653 14.5453 10.2116 22.2021
323 718 43.6573 2.09315 3.60735
270 504 42.3515 5.3467 2.05177
344 316 42.0181 5.08362 3.06784
58 4557 33.9689 5.78387 5.17769
86 3539 29.6819 7.49544 8.48705
122 1437 38.1275 2.17568 7.48277
141 2281 35.5493 6.97704 4.26683
283 524 41.9596 3.6037 3.56206
260 1553 40.417 3.13335 3.83976
226 590 39.3839 6.37678 3.03021
311 886 33.9551 9.09896 4.84997
326 334 41.7634 2.41711 4.78594
303 1023 42.3717 2.37828 2.6082
55 1692 38.413 2.6313 5.22511
234 1212 33.1393 6.45111 6.50785
295 901 38.6055 3.02139 4.64462
36 6216 30.0909 2.96422 8.09307
99 3458 26.4578 9.59335 7.00121
177 2004 29.4679 6.09958 8.64144
169 1535 19.9348 10.7073 14.1251
230 1991 33.9701 6.93371 2.74781
245 1083 27.9437 10.4333 6.36113
228 808 35.0165 4.56085 5.57347
135 3524 32.8386 3.68051 5.36214
18 6979 29.964 4.61759 4.70192
242 1376 29.9701 6.89917 6.97815
81 3130 35.3092 3.61115 3.04187
148 3047 34.4945 3.38131 4.05162
157 2546 24.5395 11.8922 5.8735
145 2714 34.6991 2.84718 4.42885
78 4290 32.2407 4.13818 3.98582
178 3127 27.7583 3.16087 10.0652
193 858 29.642 7.75429 5.78955
199 2694 27.674 5.66092 6.56829
308 800 33.3958 4.33831 4.3855
268 1335 31.7567 3.93461 5.24925
250 5061 23.1667 7.35597 6.95413
80 4393 28.881 4.05022 4.94324
94 4134 27.4888 5.15392 5.36728
126 2705 22.8911 5.14133 11.1803
225 1000 27.1697 9.01002 4.64738
143 2555 29.8161 4.79924 4.12832
146 3873 29.0957 3.12827 5.16441
263 778 31.3484 2.06682 7.09627
159 1848 26.5704 7.42545 4.99415
115 3543 28.4733 4.58957 4.26597
293 1281 31.7658 2.48082 5.41922
90 3694 21.1791 4.40954 11.3992
31 6450 28.9881 1.96601 3.99305
21 7500 26.6491 2.669 4.83416
79 4483 21.2141 3.7922 11.0574
88 3200 29.4793 2.36044 5.25986
290 1071 19.9268 5.38631 14.098
65 3710 26.2009 2.7147 7.67471
114 2807 29.9532 2.69059 4.70432
285 1738 31.0358 2.26882 4.99718
109 3707 24.6275 4.12499 7.5708
4 10627 20.6729 4.60027 6.75055
287 419 30.9948 3.25815 5.90791
98 2199 30.5845 2.30389 4.57519
11 7100 27.7094 2.54586 3.36756
39 4787 20.7563 3.02908 11.3281
30 4389 30.0169 1.90705 3.37257
208 1921 28.43 4.08703 4.85164
217 1528 26.6802 7.59388 3.53407
321 665 27.5322 6.79092 4.79356
288 819 31.2025 3.03176 4.40692
273 2050 26.2222 2.88608 7.72253
315 950 31.4761 4.11237 2.68056
127 2308 18.4017 3.55434 14.2559
77 5075 20.6983 3.02256 9.65489
254 1475 15.9714 7.12265 13.5438
281 1320 30.3149 2.15068 4.35552
16 7067 15.9488 1.47892 14.4213
71 5357 19.8655 3.3777 9.67712
28 1414 24.248 4.11322 8.00394
301 398 31.3767 1.86001 4.8229
87 5571 19.2505 7.66022 5.61475
112 2551 23.8373 5.83637 5.02143
104 1516 25.9244 1.90828 7.88538
64 876 22.0342 8.28646 6.30596
108 2460 21.3235 5.0429 8.24995
282 1257 29.9379 1.47705 4.5689
67 4264 25.3118 2.50391 4.90892
279 1119 29.4237 2.45549 3.56781
111 2524 18.9987 7.65877 6.96867
117 2545 28.3463 1.894 3.33445
38 5044 25.9258 2.37427 3.13827
93 453 20.6104 7.16565 8.53959
29 5578 22.0076 2.79175 5.91791
136 2011 25.0431 3.12818 5.51521
292 1467 28.7729 1.72774 3.81304
266 1061 28.5656 2.5826 3.59898
51 2811 18.6826 7.49065 6.52684
200 2376 24.6041 4.42608 3.95779
132 2708 26.1501 2.21141 4.19286
56 5690 22.5609 3.27921 4.17501
147 319 18.2516 5.42326 11.9565
89 816 23.5172 3.6289 7.38073
138 741 24.8312 2.67306 7.07499
168 2974 22.9077 2.23176 6.54681
60 3763 21.3004 2.86348 6.83622
5 422 25.0211 1.69102 8.18629
214 1509 26.4035 2.03216 4.59199
170 2614 25.5068 2.3346 3.69389
291 1274 25.53 1.81641 5.67567
2 499 27.7721 2.95867 3.25839
299 364 26.987 3.73842 3.47653
129 1590 26.7407 2.06843 3.20104
27 6029 16.4647 2.95561 8.6987
85 3922 12.6371 4.80944 12.0884
154 2926 16.4489 2.43959 11.3074
265 288 26.8349 3.53945 3.52939
180 2312 22.266 1.99888 6.42068
192 894 18.2401 2.91413 11.2799
342 605 18.9147 7.60577 6.43127
185 2125 16.9305 5.55459 8.07528
158 3165 21.5384 3.08419 4.79255
6 1398 25.0849 1.62622 4.22439
92 3612 17.4947 4.45123 5.84532
284 1611 23.2796 3.05563 3.36675
151 1871 17.679 2.99376 8.68966
74 4093 21.4745 1.47661 4.15313
3 603 24.359 3.22849 3.20749
206 2410 21.5336 2.19478 4.56649
255 802 16.2497 2.53945 11.5104
259 1238 20.6063 3.11978 5.72219
187 2339 21.3557 2.52943 4.20182
182 678 20.8566 2.46366 6.68466
271 1085 15.4177 7.33798 6.55393
257 789 24.1472 1.60133 4.00239
84 4699 22.6764 0.816328 2.17974
144 2825 19.5864 3.83208 3.68861
201 1870 18.9584 1.84061 7.27032
317 1032 23.4701 1.81884 3.65883
215 1256 22.0326 2.638 3.7808
224 2075 17.673 1.99833 7.76479
97 717 16.4858 5.2695 7.50229
172 3070 18.4518 2.85413 4.62388
269 969 22.6876 3.22423 2.4071
128 3152 16.4187 2.28574 6.89174
207 1699 19.8382 3.05034 4.19735
130 1465 22.0913 1.3144 3.95033
264 1304 14.8525 9.656 3.04259
332 714 6.98295 7.06666 14.2962
341 797 22.4737 2.13103 3.43783
62 358 18.1657 2.06135 8.40015
209 1799 14.4893 2.3969 9.37286
22 1681 20.94 1.66405 3.64347
40 993 19.2574 3.00954 4.79904
162 2086 20.3202 1.18971 3.9952
244 1550 20.7075 2.18427 3.243
330 439 16.8602 5.2206 5.8307
237 1338 21.5557 1.3814 3.38787
160 3007 11.1103 3.45403 9.82807
116 3257 13.6084 1.96036 8.35326
267 817 21.3527 1.9596 3.43355
174 1777 17.5305 2.37861 5.41621
223 1814 13.2781 2.35021 9.5407
25 5593 16.0878 1.90139 3.94219
198 2875 18.6059 1.66691 3.60628
316 1315 20.6285 1.77397 3.03417
142 2606 14.9191 2.03969 6.69903
274 805 19.9302 1.94351 4.04149
105 403 19.0501 2.49135 5.09632
318 600 20.9055 1.77004 3.38848
211 1223 19.7826 2.11695 2.99935
220 1720 18.9087 1.68845 3.56501
272 1046 18.0497 3.55412 3.22237
194 1257 16.5107 5.54206 2.44967
164 1976 16.512 1.69365 5.37474
277 1428 16.3285 5.52456 2.04432
102 760 21.6838 1.49709 1.72886
8 8722 12.778 1.25472 4.18626
12 1194 16.3931 1.49358 6.21169
306 616 19.1475 1.62918 4.09916
96 504 20.282 3.47692 1.10476
133 2651 16.2399 2.05276 3.42244
155 3010 16.0346 2.0639 3.1855
59 5135 14.9953 1.79415 2.79807
13 7254 10.2692 1.93731 5.91019
1 578 19.0895 1.56076 3.54828
125 3718 13.5149 2.5649 3.79538
243 1620 10.945 4.63853 6.12907
222 785 16.5559 2.01206 3.99841
189 2350 13.6546 2.21896 4.63513
313 1226 12.2886 3.50715 5.62237
221 2761 10.8173 3.46243 5.25271
212 2055 15.9821 1.73136 2.44514
26 4732 8.2532 1.67724 7.84622
336 513 14.4357 3.12338 4.63269
140 2376 15.4171 1.17957 2.83595
210 2293 14.3527 1.70431 3.28073
227 1644 15.6989 1.79729 2.23711
213 2511 11.3576 2.63323 4.72313
17 6072 11.5573 1.30705 3.03814
150 2793 12.1648 1.62153 4.5705
167 280 16.9409 1.82746 2.47631
7 3389 14.3419 0.699141 2.03113
124 707 16.2137 1.23752 2.74821
175 2217 11.5692 2.21353 4.2501
302 744 15.857 1.34129 2.43858
173 3316 10.8557 1.63738 4.01444
247 1143 12.831 2.0041 3.94878
310 332 14.5715 1.2279 4.33979
324 428 16.9284 1.24537 1.70614
232 1470 14.7285 1.45889 1.78798
328 1096 12.653 2.58253 3.2559
289 752 8.78624 2.55542 7.49324
320 476 15.7259 1.55328 1.92426
239 2183 9.59625 1.99753 4.85028
219 1717 12.4456 2.38424 1.79208
322 4613 12.4591 0.221437 1.28274
275 798 13.5973 2.26794 2.01307
202 1601 13.8243 1.28381 1.54136
253 1804 9.78098 1.94753 4.58612
188 1856 11.6564 1.4899 2.82123
166 1245 14.137 0.954688 1.51881
339 403 15.337 1.01589 1.60985
32 581 10.5366 3.13505 3.81391
229 1499 11.2648 1.50889 3.19627
216 387 13.2671 1.38493 3.13633
312 961 12.3665 1.48659 2.42739
305 719 7.25971 2.52445 6.58264
280 1379 8.5151 2.7761 3.99086
153 2395 9.54965 0.961145 3.47013
75 2553 8.02456 2.73106 3.03374
44 4433 9.47275 0.675279 1.81194
231 1030 9.33265 1.61291 4.3849
68 4073 8.46522 1.54819 2.11104
327 883 11.8404 1.77139 1.31561
309 640 10.9435 1.79406 2.47605
338 315 10.8849 1.25308 3.68285
103 2524 6.42469 1.10753 4.53344
252 1481 8.68995 2.08535 2.37728
345 316 5.22882 1.72211 8.18295
346 679 10.1355 1.4288 2.7064
236 2128 8.20665 1.70752 2.33202
191 257 10.7918 1.90069 2.45066
70 3283 6.12248 2.07819 2.75834
261 1074 6.53366 2.10679 4.65024
63 5055 7.29422 0.708104 1.4539
205 2819 7.98366 0.588329 2.64903
298 964 7.6045 2.5915 3.14625
331 690 10.6077 1.08382 1.85335
23 545 9.5243 2.06937 2.14628
181 1588 7.11412 2.15709 2.68084
276 1977 6.14255 1.57338 3.04353
343 458 6.18008 1.56722 5.20658
34 161 11.3943 0.815724 1.58557
296 900 7.45426 1.97138 2.31759
203 529 7.02905 1.51916 3.7125
184 2012 4.83752 1.37132 2.96873
10 384 9.09578 1.15092 1.38628
256 1138 7.1753 0.813941 1.88986
218 1969 5.61667 1.20108 1.81583
82 1682 6.72323 0.800143 1.28567
54 400 7.68524 1.34776 1.44655
190 1329 4.32563 1.25131 3.11445
340 506 5.47472 0.920253 3.64589
179 412 6.17779 0.872896 2.97117
319 901 6.11635 0.983267 1.88386
183 493 5.90726 1.73684 1.63275
123 493 5.90726 1.73684 1.63275
233 1869 4.39475 1.02404 1.58145
329 1093 5.17846 0.793075 1.84162
249 914 5.18192 0.958298 1.71985
0 895 4.47591 1.35613 1.98556
325 522 3.42427 1.77832 3.31901
314 938 3.55029 1.29871 1.91354
335 418 4.40168 1.06105 1.98455
14 290 3.52582 1.13133 1.66018
246 1250 59.1959 76.5492 85.5433
137 3269 48.0773 65.9882 82.9835
300 555 66.6324 65.6072 58.964
156 2193 63.9358 62.5573 61.8111
238 1433 53.2265 64.4563 65.9251
45 4681 65.0456 59.7123 55.6441
163 2157 59.2248 60.0357 62.8919
50 4249 62.4312 57.2212 58.9199
152 2742 69.4275 57.8768 50.8163
304 412 65.1175 59.1099 56.5964
149 2392 40.3003 59.3302 77.7767
110 2341 53.5676 59.9286 63.8306
121 4560 63.9476 57.2484 53.4594
196 1925 55.7182 58.7128 61.1515
66 1730 63.9629 59.1377 51.4799
24 7128 50.9432 58.8025 60.3131
195 3184 59.0816 56.9538 51.9773
73 3832 66.6065 54.4058 46.3202
131 2438 63.1903 54.8968 49.9371
120 4482 57.8329 55.8081 52.5932
69 3623 60.6473 54.6849 50.8673
241 312 58.4466 58.0488 52.3215
113 2726 55.4671 55.3005 54.4375
72 3895 57.36 53.9988 52.2568
235 1703 61.0649 54.0867 49.9969
15 8266 42.9905 59.5295 57.2663
107 1257 47.0311 57.5061 60.4855
294 960 53.2829 58.3264 53.4246
49 4430 51.3538 54.8801 53.2744
240 2043 49.7269 56.5513 54.6677
134 2242 46.052 56.0104 58.4299
57 5860 53.2922 53.0045 49.7025
161 2040 46.4289 53.2547 57.2803
333 886 49.5353 55.67 53.2345
100 2978 52.8126 51.4291 51.6849
260 1553 52.066 51.7882 53.0831
307 564 50.6488 54.5745 53.0919
258 1591 51.8733 53.0615 51.7089
270 504 48.5027 56.2427 53.5238
323 718 53.6529 52.9695 51.0168
186 2609 41.2626 53.613 59.9064
19 5530 38.5729 51.394 60.7749
55 1692 47.1724 51.2732 55.036
119 4395 44.1881 51.5309 55.01
251 1810 51.0624 50.9024 50.296
37 5858 51.6615 50.2756 46.8369
326 334 52.3706 52.7773 49.2386
337 945 52.0836 52.1699 48.8839
118 3807 52.0658 48.0742 49.8378
303 1023 51.6568 51.7771 49.1612
52 5398 50.7175 46.1208 49.3721
344 316 48.9096 54.03 48.7547
334 417 47.8396 50.6521 52.7463
286 761 38.2135 49.3492 62.6289
295 901 48.751 50.4318 50.642
171 2028 49.7219 49.2633 49.3345
47 4842 49.8705 48.2695 46.8455
33 3441 45.8476 50.4918 49.313
101 4112 53.0277 47.4007 44.4762
176 1916 39.0581 50.2635 56.8056
42 5131 35.893 50.5271 56.1688
278 1059 59.2055 46.4881 40.2784
43 4721 45.4499 48.1574 48.681
9 8537 48.1107 47.245 44.0818
226 590 44.3561 52.7258 49.0015
283 524 49.5308 51.4906 45.1208
122 1437 50.5021 47.2646 45.4907
46 4835 52.9161 45.4523 41.4113
95 1841 45.2616 47.1639 49.5986
20 5713 44.2943 48.2108 45.6929
228 808 40.6667 48.4308 52.3714
91 3454 43.3262 47.7493 46.5446
53 4821 34.4836 47.879 53.7733
197 1294 48.0095 44.8798 46.0005
35 4720 50.8596 43.8466 40.3519
141 2281 40.1826 48.2381 48.4673
145 2714 46.6561 44.4849 44.2391
41 6410 36.3774 47.2694 48.099
139 1893 56.9319 42.6075 35.478
248 810 58.4171 42.0945 35.6752
148 3047 41.0639 45.1561 46.8631
262 919 40.0534 47.265 47.4096
263 778 40.4102 43.2214 49.8872
234 1212 37.1053 45.8615 49.6765
230 1991 37.1505 48.6361 45.4876
311 886 37.203 47.5472 46.2514
106 1899 44.6686 44.6783 39.1702
308 800 43.9256 43.2426 42.8082
58 4557 38.9515 43.7451 43.1739
81 3130 42.6985 42.9218 41.1336
83 5128 44.0625 42.3082 38.5434
282 1257 37.8627 41.0758 46.9071
86 3539 34.799 41.8428 46.6892
135 3524 45.7475 39.8917 37.3395
177 2004 37.175 39.0559 46.9271
178 3127 31.1451 39.1707 51.3806
61 4864 39.6033 39.6897 40.6737
287 419 39.6459 40.3378 44.6436
285 1738 38.107 40.0491 42.9174
31 6450 37.2897 38.6216 41.205
297 1334 46.7957 37.5396 36.4106
78 4290 39.6281 40.4214 37.285
18 6979 37.294 38.9657 38.5077
48 5395 36.5532 40.0025 38.5363
30 4389 38.7352 38.3325 37.9477
293 1281 44.1241 38.704 35.2098
315 950 36.8545 40.4431 40.6388
193 858 38.0108 39.0235 40.3783
88 3200 42.8231 37.2449 34.6052
146 3873 42.2454 37.0133 34.3588
117 2545 38.4857 36.5115 39.2873
288 819 43.4872 37.5778 34.726
114 2807 40.8369 37.3896 34.8229
21 7500 36.9049 35.7979 36.676
268 1335 45.8959 35.9495 32.4855
279 1119 41.3057 37.6936 35.6172
242 1376 31.7299 39.992 41.955
266 1061 40.0023 37.7171 36.2403
115 3543 36.5948 38.5395 35.893
143 2555 36.3546 39.2609 36.3029
76 2976 19.5467 38.1558 53.508
94 4134 31.4452 37.7903 39.9763
80 4393 36.7132 37.3799 34.8266
208 1921 36.7303 37.9967 36.075
301 398 42.6827 37.1149 33.3341
36 6216 44.6435 34.1644 28.2799
11 7100 38.7032 34.3 33.1098
273 2050 30.5678 35.0058 42.675
98 2199 38.0111 36.5515 33.427
281 1320 42.448 35.0057 31.4255
225 1000 33.1926 37.5833 37.7952
38 5044 34.8489 35.064 34.3355
292 1467 38.1404 35.2581 33.9392
204 2135 16.5501 40.2956 48.4959
129 1590 32.7126 35.7675 37.3236
245 1083 22.6731 41.9146 41.7642
65 3710 35.0278 32.925 35.4777
126 2705 25.1196 33.683 45.4166
299 364 33.4155 36.0929 37.0357
136 2011 34.1982 33.8767 35.517
214 1509 39.2176 33.9428 30.8157
132 2708 34.9 33.7935 33.7725
291 1274 39.2814 34.2434 30.0305
199 2694 36.0926 33.2173 32.467
56 5690 33.8995 29.2464 35.4138
165 2653 23.2746 25.2074 52.4458
168 2974 30.3881 30.3284 39.1048
4 10627 31.3566 26.5065 36.2383
109 3707 41.6374 30.5477 25.7059
67 4264 35.166 31.8026 30.1449
99 3458 30.6959 36.3878 30.1234
180 2312 29.7324 29.4677 38.724
90 3694 33.6651 28.309 34.675
200 2376 27.0435 34.4487 35.4679
170 2614 34.8303 32.279 28.8764
39 4787 31.541 28.018 34.4954
89 816 28.0523 33.3042 36.7458
159 1848 29.3745 35.4458 31.5472
321 665 32.1774 33.8806 31.6553
79 4483 29.5113 29.6512 34.0953
265 288 32.1271 34.0881 31.9663
169 1535 14.4017 33.5613 47.5813
257 789 32.4285 31.302 32.7617
29 5578 29.357 30.3021 31.3268
6 1398 33.2141 32.4339 28.9717
217 1528 27.7022 36.7765 29.4866
60 3763 23.3091 29.9834 37.7949
290 1071 20.8315 28.6148 44.4716
2 499 33.2626 32.4948 29.1155
71 5357 26.0165 27.0381 36.6179
108 2460 23.4978 31.0622 36.9366
130 1465 28.1181 29.9758 34.1445
112 2551 28.0966 31.2652 31.2681
127 2308 25.1154 26.1905 39.3708
74 4093 30.4803 28.747 29.5791
187 2339 30.4601 28.4882 30.5275
317 1032 30.7693 29.8772 29.9483
77 5075 31.0614 27.6814 27.8374
64 876 24.8998 31.5885 34.2335
215 1256 29.7265 30.0378 30.0995
157 2546 29.0569 31.3714 27.3669
104 1516 35.1387 31.3288 22.2617
138 741 36.9354 29.587 22.9706
250 5061 25.0044 30.1338 29.9585
284 1611 30.7407 28.9626 28.367
206 2410 25.6043 28.5705 32.5457
259 1238 21.8108 29.7769 36.432
28 1414 32.2738 31.1447 24.0122
5 422 34.9691 30.737 23.1806
16 7067 27.6398 21.4013 33.18
84 4699 29.1202 27.6933 26.0455
269 969 27.7571 29.2547 28.7957
237 1338 30.3738 28.1451 26.5914
267 817 27.5053 28.4014 29.6084
3 603 26.1886 30.0887 29.1565
244 1550 25.7062 28.055 30.0763
201 1870 22.8006 26.5253 33.8406
316 1315 28.0055 28.1687 27.267
318 600 27.8376 28.9208 27.0371
341 797 30.5892 26.9487 25.6674
162 2086 26.1095 26.3944 28.9361
274 805 27.3856 26.6454 28.7967
87 5571 20.3174 27.854 28.9676
254 1475 19.3215 23.7527 37.4799
27 6029 16.4191 24.6312 35.5399
207 1699 25.3873 27.1578 27.3896
211 1223 27.3847 25.4828 26.2976
172 3070 23.6404 24.9967 28.1559
22 1681 24.3952 25.4637 27.4971
224 2075 23.7999 22.7345 30.131
342 605 18.9679 28.4759 30.8811
185 2125 13.64 26.7124 35.6968
111 2524 25.7391 25.6277 24.2153
220 1720 23.233 24.9488 27.5652
255 802 26.3645 21.6503 28.8538
92 3612 25.3348 22.7495 24.9395
158 3165 26.9713 25.5393 20.7545
306 616 27.0922 24.4101 24.4128
93 453 32.7561 23.7981 18.9774
192 894 34.4456 22.9855 17.1772
272 1046 24.9932 23.6803 25.5821
154 2926 32.3586 20.7569 18.7701
151 1871 34.0994 22.0285 16.7771
182 678 28.8535 24.9136 20.5452
144 2825 29.4073 22.2865 19.7914
102 760 24.5088 25.3171 24.1083
51 2811 27.5269 21.7357 21.9307
85 3922 18.8215 19.2749 31.0326
198 2875 26.3517 22.9194 20.6305
40 993 24.1484 25.441 22.0517
12 1194 21.9999 22.5144 26.1841
174 1777 28.5256 22.1153 18.8059
330 439 17.6067 24.5942 28.7812
164 1976 20.1837 22.3285 26.0162
324 428 23.9641 22.6349 23.1801
62 358 26.5838 23.1719 19.8735
133 2651 25.1655 21.0561 20.0862
147 319 32.8408 19.9989 16.722
96 504 21.5927 24.8066 22.6791
209 1799 17.5448 18.3498 31.0379
128 3152 30.2711 20.3083 14.0928
97 717 21.9877 21.0515 24.4458
222 785 21.3977 20.524 25.0522
227 1644 22.37 20.6862 21.8818
1 578 24.1556 22.9487 18.7794
25 5593 20.1553 20.2412 20.1069
125 3718 20.0994 17.6394 23.5866
142 2606 18.6882 18.7045 24.7784
155 3010 20.8151 20.732 19.9829
271 1085 15.1763 23.0721 24.8813
212 2055 22.2584 19.828 19.6618
116 3257 25.7409 18.0913 16.6963
140 2376 22.7668 19.859 18.7153
320 476 19.8438 21.2284 22.6986
105 403 24.1789 22.4497 17.1976
59 5135 20.4327 18.5069 19.6009
302 744 21.4065 20.077 21.1166
189 2350 18.5251 18.4742 23.0136
277 1428 16.6957 22.5509 21.8088
336 513 16.3423 20.7991 24.548
167 280 19.2959 21.08 21.7057
232 1470 20.3108 19.7695 19.6374
194 1257 17.6122 22.5043 19.567
210 2293 17.9745 19.1915 21.1988
310 332 18.9484 19.7205 22.3907
332 714 18.4811 12.4005 29.003
223 1814 27.1306 16.4764 14.2509
160 3007 17.484 14.8758 23.1887
8 8722 19.76 17.2754 14.3537
328 1096 19.5149 16.3124 21.5624
339 403 19.359 19.435 19.1862
216 387 17.1255 18.1557 21.1974
202 1601 18.3997 17.46 17.6385
124 707 19.7431 19.1581 15.7683
13 7254 12.6877 15.3567 20.4602
150 2793 17.6817 15.8686 17.8118
313 1226 20.861 15.3382 16.3852
247 1143 18.7163 16.3719 17.3294
175 2217 16.3999 14.9361 19.4378
7 3389 17.2435 16.6552 15.4619
275 798 16.9654 17.6938 15.9216
219 1717 16.6301 15.7007 15.9792
17 6072 14.8934 15.1634 14.1537
173 3316 14.4987 14.3384 17.115
264 1304 14.3345 19.4437 14.2582
243 1620 8.11508 16.7752 22.6131
26 4732 9.10703 12.5884 22.9141
188 1856 15.9608 15.3233 15.5764
312 961 16.0864 15.9898 15.2559
166 1245 15.9759 15.9046 14.8953
322 4613 14.9614 14.4632 13.6169
253 1804 11.9306 14.25 18.8884
338 315 14.2263 14.4408 17.7599
327 883 15.5872 14.3475 15.0566
309 640 14.4914 15.054 15.2604
153 2395 11.7447 13.5259 16.9354
331 690 14.4216 14.6088 15.2615
44 4433 12.2139 13.4123 14.4006
229 1499 14.3894 13.9311 13.9067
213 2511 15.0223 12.0138 13.5578
231 1030 10.0639 13.1045 18.1275
191 257 14.0331 13.0869 14.7451
289 752 11.6821 12.5066 14.917
34 161 13.529 13.5695 13.4797
68 4073 10.4365 11.6195 12.6726
252 1481 13.4316 11.6581 12.1487
221 2761 18.7888 9.80641 5.76543
305 719 11.9338 9.82534 14.5474
205 2819 12.4235 10.9481 9.36168
346 679 13.1258 12.5559 9.48739
63 5055 9.24512 10.2658 10.9974
103 2524 9.53662 9.0781 13.7499
32 581 15.0065 10.9629 8.31541
23 545 12.8669 11.2878 10.0842
345 316 11.2036 7.14665 14.943
256 1138 8.71618 10.3 12.576
10 384 10.934 11.2751 10.7192
181 1588 10.4435 9.18742 10.9051
75 2553 11.9335 9.44899 8.05218
296 900 10.8396 9.52936 10.7362
239 2183 14.9323 9.54717 4.82695
280 1379 12.2223 8.38634 8.74476
261 1074 9.70292 8.86332 10.7676
343 458 11.7778 7.9925 10.2964
236 2128 9.89963 9.23992 7.83653
203 529 12.6312 8.80087 7.65904
179 412 7.95548 8.42033 12.2729
82 1682 9.44912 8.60004 8.45585
298 964 8.9611 8.11821 9.78657
184 2012 8.29724 6.64599 8.50928
70 3283 10.3011 6.34493 5.1426
54 400 8.66908 7.82313 8.26038
340 506 8.6279 7.28603 8.38827
276 1977 7.38978 6.59468 8.03861
329 1093 6.93259 7.29046 8.38764
218 1969 8.19175 6.88651 6.27892
249 914 7.63863 7.19996 7.422
190 1329 6.89734 6.20297 8.35404
183 493 8.54303 6.72062 6.73074
123 493 8.54303 6.72062 6.73074
0 895 5.9713 6.34607 8.28589
319 901 5.1016 6.65536 8.02484
335 418 7.06115 5.94887 5.64046
233 1869 6.19411 5.60002 4.42316
14 290 6.4376 5.2364 6.78459
314 938 5.44598 4.452 4.73602
325 522 3.14146 3.69454 6.89413
