137 3269 46.4045 8.94737 16.1406
246 1250 55.1005 7.75186 9.70479
149 2392 39.7113 9.97418 19.4279
15 8266 41.7469 12.2817 7.62451
19 5530 36.0127 10.3767 14.9963
152 2742 49.6802 3.16373 9.12504
45 4681 50.6552 3.2953 6.09163
121 4560 48.2006 3.9769 7.76083
120 4482 45.479 6.6456 7.6541
73 3832 47.0924 4.21023 8.97047
50 4249 45.1202 7.47499 7.14491
235 1703 45.5444 6.13527 10.2341
131 2438 47.025 4.66385 9.23911
300 555 52.0287 3.26854 7.86255
238 1433 48.0909 7.40432 5.98261
24 7128 43.2191 7.25741 5.33329
156 2193 51.2138 2.98237 5.19106
100 2978 39.5522 8.1622 10.637
49 4430 41.7977 8.37256 6.94676
304 412 48.8211 5.25607 7.28306
110 2341 44.8072 6.13311 7.48127
195 3184 45.9928 3.59928 7.59133
286 761 33.533 10.9976 15.429
69 3623 46.8507 4.04838 5.33096
9 8537 37.8541 6.30801 8.16056
66 1730 50.3896 0.976108 5.67906
101 4112 38.439 7.13744 8.69873
163 2157 47.4974 2.61442 5.59924
42 5131 35.7891 8.78422 8.57423
176 1916 34.5016 9.22502 11.8456
118 3807 37.8265 5.71639 10.1805
95 1841 33.7478 9.9292 11.7024
37 5858 40.2911 6.14487 5.52757
107 1257 42.9878 6.6551 6.14697
161 2040 39.7034 7.48277 7.59135
57 5860 42.1689 3.26691 6.13726
197 1294 34.029 10.1828 11.4009
251 1810 40.8522 6.81538 7.28732
33 3441 36.4501 8.48636 8.25937
72 3895 45.0064 4.42987 3.34102
46 4835 38.6512 4.47658 8.73539
258 1591 42.4638 5.97912 5.97075
53 4821 34.7097 8.00631 8.49824
134 2242 40.9659 6.20608 6.1966
294 960 46.5804 5.25476 3.13514
262 919 32.4312 9.69676 12.4157
119 4395 37.8975 7.24307 5.74874
139 1893 37.1756 4.72835 11.1088
52 5398 36.2966 7.79066 5.73356
241 312 46.8044 2.91175 5.66332
186 2609 38.3848 6.11338 7.46428
196 1925 45.4546 1.9342 5.08237
43 4721 37.5048 6.35209 6.00759
35 4720 36.8834 5.23017 7.59951
113 2726 44.4559 1.9453 4.9543
333 886 43.3727 6.44972 3.51392
240 2043 42.8649 5.52304 3.14308
47 4842 40.1748 4.46763 3.92542
41 6410 33.9487 7.85024 5.71867
204 2135 23.5834 14.5265 12.695
278 1059 39.5675 4.75018 7.46036
171 2028 38.6068 2.82081 8.8459
248 810 36.381 3.88426 11.6005
76 2976 23.5873 10.2263 15.236
20 5713 36.9529 5.83786 3.49278
307 564 42.2758 4.88752 4.14407
297 1334 31.2494 9.77728 8.99045
106 1899 32.3596 7.45091 9.13147
48 5395 30.8631 6.49075 8.53977
334 417 38.864 4.94251 7.112
61 4864 29.1143 5.79671 10.7541
91 3454 36.335 5.66237 4.74916
337 945 43.249 2.9425 3.15092
83 5128 34.3703 5.13007 5.72919
165 2653 14.5453 10.2116 22.2021
323 718 43.6573 2.09315 3.60735
270 504 42.3515 5.3467 2.05177
344 316 42.0181 5.08362 3.06784
58 4557 33.9689 5.78387 5.17769
86 3539 29.6819 7.49544 8.48705
122 1437 38.1275 2.17568 7.48277
141 2281 35.5493 6.97704 4.26683
283 524 41.9596 3.6037 3.56206
260 1553 40.417 3.13335 3.83976
226 590 39.3839 6.37678 3.03021
311 886 33.9551 9.09896 4.84997
326 334 41.7634 2.41711 4.78594
303 1023 42.3717 2.37828 2.6082
55 1692 38.413 2.6313 5.22511
234 1212 33.1393 6.45111 6.50785
295 901 38.6055 3.02139 4.64462
36 6216 30.0909 2.96422 8.09307
99 3458 26.4578 9.59335 7.00121
177 2004 29.4679 6.09958 8.64144
169 1535 19.9348 10.7073 14.1251
230 1991 33.9701 6.93371 2.74781
245 1083 27.9437 10.4333 6.36113
228 808 35.0165 4.56085 5.57347
135 3524 32.8386 3.68051 5.36214
18 6979 29.964 4.61759 4.70192
242 1376 29.9701 6.89917 6.97815
81 3130 35.3092 3.61115 3.04187
148 3047 34.4945 3.38131 4.05162
157 2546 24.5395 11.8922 5.8735
145 2714 34.6991 2.84718 4.42885
78 4290 32.2407 4.13818 3.98582
178 3127 27.7583 3.16087 10.0652
193 858 29.642 7.75429 5.78955
199 2694 27.674 5.66092 6.56829
308 800 33.3958 4.33831 4.3855
268 1335 31.7567 3.93461 5.24925
250 5061 23.1667 7.35597 6.95413
80 4393 28.881 4.05022 4.94324
94 4134 27.4888 5.15392 5.36728
126 2705 22.8911 5.14133 11.1803
225 1000 27.1697 9.01002 4.64738
143 2555 29.8161 4.79924 4.12832
146 3873 29.0957 3.12827 5.16441
263 778 31.3484 2.06682 7.09627
159 1848 26.5704 7.42545 4.99415
115 3543 28.4733 4.58957 4.26597
293 1281 31.7658 2.48082 5.41922
90 3694 21.1791 4.40954 11.3992
31 6450 28.9881 1.96601 3.99305
21 7500 26.6491 2.669 4.83416
79 4483 21.2141 3.7922 11.0574
88 3200 29.4793 2.36044 5.25986
290 1071 19.9268 5.38631 14.098
65 3710 26.2009 2.7147 7.67471
114 2807 29.9532 2.69059 4.70432
285 1738 31.0358 2.26882 4.99718
109 3707 24.6275 4.12499 7.5708
4 10627 20.6729 4.60027 6.75055
287 419 30.9948 3.25815 5.90791
98 2199 30.5845 2.30389 4.57519
11 7100 27.7094 2.54586 3.36756
39 4787 20.7563 3.02908 11.3281
30 4389 30.0169 1.90705 3.37257
208 1921 28.43 4.08703 4.85164
217 1528 26.6802 7.59388 3.53407
321 665 27.5322 6.79092 4.79356
288 819 31.2025 3.03176 4.40692
273 2050 26.2222 2.88608 7.72253
315 950 31.4761 4.11237 2.68056
127 2308 18.4017 3.55434 14.2559
77 5075 20.6983 3.02256 9.65489
254 1475 15.9714 7.12265 13.5438
281 1320 30.3149 2.15068 4.35552
16 7067 15.9488 1.47892 14.4213
71 5357 19.8655 3.3777 9.67712
28 1414 24.248 4.11322 8.00394
301 398 31.3767 1.86001 4.8229
87 5571 19.2505 7.66022 5.61475
112 2551 23.8373 5.83637 5.02143
104 1516 25.9244 1.90828 7.88538
64 876 22.0342 8.28646 6.30596
108 2460 21.3235 5.0429 8.24995
282 1257 29.9379 1.47705 4.5689
67 4264 25.3118 2.50391 4.90892
279 1119 29.4237 2.45549 3.56781
111 2524 18.9987 7.65877 6.96867
117 2545 28.3463 1.894 3.33445
38 5044 25.9258 2.37427 3.13827
93 453 20.6104 7.16565 8.53959
29 5578 22.0076 2.79175 5.91791
136 2011 25.0431 3.12818 5.51521
292 1467 28.7729 1.72774 3.81304
266 1061 28.5656 2.5826 3.59898
51 2811 18.6826 7.49065 6.52684
200 2376 24.6041 4.42608 3.95779
132 2708 26.1501 2.21141 4.19286
56 5690 22.5609 3.27921 4.17501
147 319 18.2516 5.42326 11.9565
89 816 23.5172 3.6289 7.38073
138 741 24.8312 2.67306 7.07499
168 2974 22.9077 2.23176 6.54681
60 3763 21.3004 2.86348 6.83622
5 422 25.0211 1.69102 8.18629
214 1509 26.4035 2.03216 4.59199
170 2614 25.5068 2.3346 3.69389
291 1274 25.53 1.81641 5.67567
2 499 27.7721 2.95867 3.25839
299 364 26.987 3.73842 3.47653
129 1590 26.7407 2.06843 3.20104
27 6029 16.4647 2.95561 8.6987
85 3922 12.6371 4.80944 12.0884
154 2926 16.4489 2.43959 11.3074
265 288 26.8349 3.53945 3.52939
180 2312 22.266 1.99888 6.42068
192 894 18.2401 2.91413 11.2799
342 605 18.9147 7.60577 6.43127
185 2125 16.9305 5.55459 8.07528
158 3165 21.5384 3.08419 4.79255
6 1398 25.0849 1.62622 4.22439
92 3612 17.4947 4.45123 5.84532
284 1611 23.2796 3.05563 3.36675
151 1871 17.679 2.99376 8.68966
74 4093 21.4745 1.47661 4.15313
3 603 24.359 3.22849 3.20749
206 2410 21.5336 2.19478 4.56649
255 802 16.2497 2.53945 11.5104
259 1238 20.6063 3.11978 5.72219
187 2339 21.3557 2.52943 4.20182
182 678 20.8566 2.46366 6.68466
271 1085 15.4177 7.33798 6.55393
257 789 24.1472 1.60133 4.00239
84 4699 22.6764 0.816328 2.17974
144 2825 19.5864 3.83208 3.68861
201 1870 18.9584 1.84061 7.27032
317 1032 23.4701 1.81884 3.65883
215 1256 22.0326 2.638 3.7808
224 2075 17.673 1.99833 7.76479
97 717 16.4858 5.2695 7.50229
172 3070 18.4518 2.85413 4.62388
269 969 22.6876 3.22423 2.4071
128 3152 16.4187 2.28574 6.89174
207 1699 19.8382 3.05034 4.19735
130 1465 22.0913 1.3144 3.95033
264 1304 14.8525 9.656 3.04259
332 714 6.98295 7.06666 14.2962
341 797 22.4737 2.13103 3.43783
62 358 18.1657 2.06135 8.40015
209 1799 14.4893 2.3969 9.37286
22 1681 20.94 1.66405 3.64347
40 993 19.2574 3.00954 4.79904
162 2086 20.3202 1.18971 3.9952
244 1550 20.7075 2.18427 3.243
330 439 16.8602 5.2206 5.8307
237 1338 21.5557 1.3814 3.38787
160 3007 11.1103 3.45403 9.82807
116 3257 13.6084 1.96036 8.35326
267 817 21.3527 1.9596 3.43355
174 1777 17.5305 2.37861 5.41621
223 1814 13.2781 2.35021 9.5407
25 5593 16.0878 1.90139 3.94219
198 2875 18.6059 1.66691 3.60628
316 1315 20.6285 1.77397 3.03417
142 2606 14.9191 2.03969 6.69903
274 805 19.9302 1.94351 4.04149
105 403 19.0501 2.49135 5.09632
318 600 20.9055 1.77004 3.38848
211 1223 19.7826 2.11695 2.99935
220 1720 18.9087 1.68845 3.56501
272 1046 18.0497 3.55412 3.22237
194 1257 16.5107 5.54206 2.44967
164 1976 16.512 1.69365 5.37474
277 1428 16.3285 5.52456 2.04432
102 760 21.6838 1.49709 1.72886
8 8722 12.778 1.25472 4.18626
12 1194 16.3931 1.49358 6.21169
306 616 19.1475 1.62918 4.09916
96 504 20.282 3.47692 1.10476
133 2651 16.2399 2.05276 3.42244
155 3010 16.0346 2.0639 3.1855
59 5135 14.9953 1.79415 2.79807
13 7254 10.2692 1.93731 5.91019
1 578 19.0895 1.56076 3.54828
125 3718 13.5149 2.5649 3.79538
243 1620 10.945 4.63853 6.12907
222 785 16.5559 2.01206 3.99841
189 2350 13.6546 2.21896 4.63513
313 1226 12.2886 3.50715 5.62237
221 2761 10.8173 3.46243 5.25271
212 2055 15.9821 1.73136 2.44514
26 4732 8.2532 1.67724 7.84622
336 513 14.4357 3.12338 4.63269
140 2376 15.4171 1.17957 2.83595
210 2293 14.3527 1.70431 3.28073
227 1644 15.6989 1.79729 2.23711
213 2511 11.3576 2.63323 4.72313
17 6072 11.5573 1.30705 3.03814
150 2793 12.1648 1.62153 4.5705
167 280 16.9409 1.82746 2.47631
7 3389 14.3419 0.699141 2.03113
124 707 16.2137 1.23752 2.74821
175 2217 11.5692 2.21353 4.2501
302 744 15.857 1.34129 2.43858
173 3316 10.8557 1.63738 4.01444
247 1143 12.831 2.0041 3.94878
310 332 14.5715 1.2279 4.33979
324 428 16.9284 1.24537 1.70614
232 1470 14.7285 1.45889 1.78798
328 1096 12.653 2.58253 3.2559
289 752 8.78624 2.55542 7.49324
320 476 15.7259 1.55328 1.92426
239 2183 9.59625 1.99753 4.85028
219 1717 12.4456 2.38424 1.79208
322 4613 12.4591 0.221437 1.28274
275 798 13.5973 2.26794 2.01307
202 1601 13.8243 1.28381 1.54136
253 1804 9.78098 1.94753 4.58612
188 1856 11.6564 1.4899 2.82123
166 1245 14.137 0.954688 1.51881
339 403 15.337 1.01589 1.60985
32 581 10.5366 3.13505 3.81391
229 1499 11.2648 1.50889 3.19627
216 387 13.2671 1.38493 3.13633
312 961 12.3665 1.48659 2.42739
305 719 7.25971 2.52445 6.58264
280 1379 8.5151 2.7761 3.99086
153 2395 9.54965 0.961145 3.47013
75 2553 8.02456 2.73106 3.03374
44 4433 9.47275 0.675279 1.81194
231 1030 9.33265 1.61291 4.3849
68 4073 8.46522 1.54819 2.11104
327 883 11.8404 1.77139 1.31561
309 640 10.9435 1.79406 2.47605
338 315 10.8849 1.25308 3.68285
103 2524 6.42469 1.10753 4.53344
252 1481 8.68995 2.08535 2.37728
345 316 5.22882 1.72211 8.18295
346 679 10.1355 1.4288 2.7064
236 2128 8.20665 1.70752 2.33202
191 257 10.7918 1.90069 2.45066
70 3283 6.12248 2.07819 2.75834
261 1074 6.53366 2.10679 4.65024
63 5055 7.29422 0.708104 1.4539
205 2819 7.98366 0.588329 2.64903
298 964 7.6045 2.5915 3.14625
331 690 10.6077 1.08382 1.85335
23 545 9.5243 2.06937 2.14628
181 1588 7.11412 2.15709 2.68084
276 1977 6.14255 1.57338 3.04353
343 458 6.18008 1.56722 5.20658
34 161 11.3943 0.815724 1.58557
296 900 7.45426 1.97138 2.31759
203 529 7.02905 1.51916 3.7125
184 2012 4.83752 1.37132 2.96873
10 384 9.09578 1.15092 1.38628
256 1138 7.1753 0.813941 1.88986
218 1969 5.61667 1.20108 1.81583
82 1682 6.72323 0.800143 1.28567
54 400 7.68524 1.34776 1.44655
190 1329 4.32563 1.25131 3.11445
340 506 5.47472 0.920253 3.64589
179 412 6.17779 0.872896 2.97117
319 901 6.11635 0.983267 1.88386
183 493 5.90726 1.73684 1.63275
123 493 5.90726 1.73684 1.63275
233 1869 4.39475 1.02404 1.58145
329 1093 5.17846 0.793075 1.84162
249 914 5.18192 0.958298 1.71985
0 895 4.47591 1.35613 1.98556
325 522 3.42427 1.77832 3.31901
314 938 3.55029 1.29871 1.91354
335 418 4.40168 1.06105 1.98455
14 290 3.52582 1.13133 1.66018
