221 2761 10.76 12.4817 -1.#IND
152 2742 58.8244 82.9853 55.8388
50 4249 58.6737 47.5053 83.1918
73 3832 55.29 74.6644 59.5129
139 1893 43.5872 79.8066 60.3223
248 810 44.0524 77.6473 58.4053
69 3623 55.1022 62.2858 58.3108
246 1250 73.6214 71.6386 32.5237
157 2546 27.0797 63.5816 81.3829
15 8266 52.2631 60.8373 51.3551
149 2392 56.6245 74.3093 37.4038
218 1969 6.77807 8.87286 -1.#IND
45 4681 59.8117 59.8366 45.1948
52 5398 47.7975 37.249 78.338
121 4560 57.6888 51.3338 50.1224
131 2438 55.272 56.5696 49.0902
137 3269 64.6889 83.0581 12.0405
19 5530 47.5507 70.864 38.0091
47 4842 48.052 46.5302 62.1965
46 4835 45.6454 58.3974 49.955
95 1841 44.4969 55.033 54.2869
235 1703 53.9038 56.1043 42.6242
245 1083 34.4492 45.5002 73.4902
286 761 46.6712 66.1278 40.8112
156 2193 62.5113 55.5419 33.0343
72 3895 54.3278 44.3597 50.562
278 1059 48.2313 24.6959 77.2291
304 412 59.6626 45.1171 45.8654
33 3441 47.2079 50.6141 44.8609
36 6216 34.9779 67.5136 38.104
297 1334 38.1856 46.3513 57.6552
288 819 38.3197 22.7585 78.3393
119 4395 49.7296 40.298 45.2021
59 5135 19.2695 13.9753 100.528
90 3694 29.2447 37.2555 68.3414
99 3458 30.6607 48.693 55.6029
4 10627 30.6694 24.508 73.8599
204 2135 32.3932 61.4794 40.6319
25 5593 19.7936 12.7527 97.7457
210 2293 19.1089 12.6153 101.001
155 3010 20.1774 13.8971 96.8034
251 1810 49.8946 53.0161 28.4012
176 1916 46.7348 49.117 34.487
222 785 22.1262 15.7891 93.8896
161 2040 51.5127 55.3656 23.0949
238 1433 60.9507 60.8244 8.32098
101 4112 47.0311 42.6818 37.2348
51 2811 21.8955 42.5959 63.0885
86 3539 39.8129 48.059 38.853
229 1499 13.6667 14.2388 100.41
24 7128 56.253 43.6934 23.4879
138 741 29.2649 30.4521 68.644
66 1730 58.1379 26.6984 41.3687
83 5128 41.0384 39.9237 41.7457
264 1304 14.2535 42.1553 69.8228
250 5061 26.7662 48.7225 46.9719
197 1294 43.7397 59.7129 21.4529
135 3524 40.5214 28.3561 52.8884
110 2341 58.5091 48.4568 14.7254
225 1000 35.0637 30.8691 57.2743
76 2976 34.1177 58.0522 28.3198
107 1257 54.7777 59.254 8.23595
262 919 41.9519 50.1336 30.6404
42 5131 47.0468 63.7519 7.72854
312 961 15.5554 9.47735 97.0159
92 3612 23.059 26.2578 69.8198
268 1335 37.7378 47.5644 35.3527
53 4821 44.8949 63.8928 7.72625
163 2157 60.444 42.3429 15.8611
142 2606 19.8175 19.0103 78.241
294 960 54.9478 58.4781 5.58109
279 1119 37.9789 15.2061 65.5501
308 800 42.824 33.502 42.2793
120 4482 54.5791 50.291 9.807
195 3184 55.454 41.8942 18.3406
100 2978 50.2069 49.3365 16.326
293 1281 38.9882 25.6957 52.8767
186 2609 51.323 49.6335 14.6975
260 1553 52.125 26.2623 38.01
201 1870 26.7941 23.4679 65.5036
106 1899 40.9929 38.1705 36.426
147 319 19.8133 48.5275 49.5581
165 2653 22.4921 45.5959 45.9542
6 1398 31.3346 15.5358 67.651
290 1071 28.372 38.6384 47.787
61 4864 37.6299 34.6193 38.4165
88 3200 37.8235 17.3028 56.7882
37 5858 48.9682 37.6972 22.7254
16 7067 22.6088 25.454 60.403
118 3807 48.3372 40.7078 21.5781
313 1226 15.9023 21.9906 74.555
91 3454 45.4235 42.939 19.9882
281 1320 36.1117 47.2279 27.2496
178 3127 39.7604 40.5723 27.9307
169 1535 29.2655 58.4763 21.7935
247 1143 16.9417 14.1561 78.9063
146 3873 37.3971 19.9719 49.7251
39 4787 28.6 29.1198 48.0798
56 5690 32.6358 14.2255 58.1841
49 4430 52.2482 49.0848 4.35706
333 886 52.5765 51.2271 5.21031
258 1591 51.6748 49.0547 6.97643
300 555 63.289 31.9303 14.0026
109 3707 31.5597 24.0727 49.5867
43 4721 46.7881 49.826 7.04071
78 4290 38.7652 38.4187 26.4953
81 3130 42.0745 37.4052 25.098
196 1925 58.292 40.6265 6.73803
134 2242 53.1859 45.322 6.62056
199 2694 32.8414 40.08 30.3134
127 2308 26.1659 39.0921 37.8796
9 8537 45.458 42.3664 10.7528
337 945 50.9639 47.7085 5.55786
18 6979 37.7132 37.7473 23.2088
214 1509 34.3261 12.2877 56.3641
234 1212 43.7734 47.9511 11.2962
332 714 10.9196 45.2698 47.3848
41 6410 43.4356 50.2758 4.46788
144 2825 23.4822 25.2982 52.0791
344 316 50.4883 49.1764 4.56942
240 2043 53.5131 43.0352 4.85236
271 1085 18.8486 37.5159 45.6859
303 1023 50.7833 46.1184 4.3833
283 524 48.6433 46.3461 7.00643
113 2726 54.8822 36.6227 7.5433
57 5860 51.5869 37.138 7.44258
20 5713 45.7648 34.677 15.6706
71 5357 28.4155 34.0434 33.2091
241 312 56.02 35.4733 7.95255
323 718 52.4289 39.5325 6.47644
177 2004 39.9636 45.4599 11.1639
58 4557 41.5298 47.6233 5.07006
168 2974 32.8785 24.7166 37.7745
94 4134 35.8331 38.5615 19.8762
5 422 28.9009 23.9294 45.6827
321 665 31.8438 47.0737 19.0536
65 3710 33.4309 33.6949 27.3269
64 876 28.6641 37.1431 31.4197
307 564 52.5622 39.7147 5.25707
154 2926 20.6628 21.7144 52.0247
311 886 43.0558 42.9718 10.246
22 1681 25.4789 29.4431 40.0576
180 2312 32.2587 17.6229 44.2065
301 398 37.4965 21.8321 37.4402
209 1799 21.2595 14.6911 58.5592
141 2281 45.305 44.3633 4.23892
270 504 52.7046 38.8614 4.81561
55 1692 50.9985 24.9072 18.5749
35 4720 44.151 34.2183 12.6705
226 590 48.551 40.9763 5.03856
282 1257 41.7999 20.4746 31.0972
48 5395 37.0413 48.5507 3.96471
171 2028 48.5732 36.237 7.26041
242 1376 37.1369 53.3122 2.33675
263 778 43.9445 25.3462 24.2626
11 7100 35.0996 18.8767 33.3615
87 5571 24.5239 40.866 22.6454
174 1777 22.3784 20.0221 48.7886
213 2511 12.4751 35.9185 41.6809
151 1871 22.6843 17.8608 49.8601
228 808 46.8385 34.9134 9.47911
192 894 22.1369 27.4649 40.9721
334 417 49.6762 37.1656 4.42162
193 858 38.0365 38.7969 12.5438
224 2075 24.531 23.625 39.1002
227 1644 21.4409 9.77488 56.2918
136 2011 33.8674 24.1474 28.6463
252 1481 11.9397 6.26807 68.7812
148 3047 44.2067 37.1142 3.50523
21 7500 35.9615 17.0994 28.5703
67 4264 31.817 22.3952 29.3425
98 2199 35.7178 29.8153 19.4731
122 1437 47.1078 29.8514 8.85879
128 3152 20.7676 16.1225 47.0222
315 950 39.1663 43.7395 3.51081
296 900 10.0012 7.72248 68.4093
126 2705 33.103 43.392 6.93561
326 334 51.2947 29.9058 5.60254
80 4393 35.8113 29.4313 16.4734
211 1223 26.134 14.3768 44.0604
79 4483 28.5161 31.9477 20.7833
230 1991 43.635 36.2371 3.54945
223 1814 16.4191 19.3365 47.5238
254 1475 23.6074 44.6033 15.3364
145 2714 44.8111 27.1501 10.1843
185 2125 24.7185 33.6563 24.1236
112 2551 29.4568 38.1992 14.1821
295 901 49.6779 28.3675 5.09406
116 3257 17.7829 14.9905 47.425
159 1848 31.3517 44.1 6.12575
114 2807 37.3037 21.6177 21.3688
255 802 22.0855 19.0116 41.2644
117 2545 37.927 15.7803 25.6643
291 1274 34.0267 13.0591 33.6278
273 2050 35.6058 39.6772 3.61792
208 1921 36.4146 25.7818 16.7805
13 7254 14.6723 15.3528 44.8078
29 5578 29.4308 17.8321 27.6408
85 3922 17.7609 26.1587 31.9404
285 1738 40.0773 34.9312 2.42493
287 419 41.1142 32.6621 5.39591
277 1428 19.8334 24.988 32.5254
187 2339 29.3281 15.5307 30.2639
212 2055 20.404 11.36 42.9715
62 358 21.6611 34.8466 19.6694
89 816 31.7667 28.3504 13.5772
341 797 27.4742 19.5549 25.6265
345 316 6.86177 20.5585 45.9788
215 1256 29.4981 18.3643 23.663
217 1528 31.001 33.5347 6.62461
115 3543 36.5853 30.8215 1.58953
1 578 21.8134 9.02567 41.2912
143 2555 36.8275 28.3551 4.1423
74 4093 29.217 12.5106 25.814
266 1061 37.6278 16.5783 16.302
188 1856 15.305 8.78101 45.327
31 6450 38.8236 20.7164 5.91616
132 2708 33.7873 18.1381 16.2425
280 1379 8.82377 30.7137 30.1185
284 1611 29.0031 25.7473 14.4499
108 2460 29.3575 35.6864 3.10169
60 3763 29.8962 29.4482 7.5887
3 603 28.3641 38.3156 3.85294
17 6072 14.4126 10.0795 40.0599
328 1096 18.987 7.24775 42.4515
181 1588 9.62026 9.21613 48.1735
30 4389 38.1224 20.4819 5.72555
26 4732 13.2039 23.1085 27.5109
298 964 8.05108 22.917 35.7475
125 3718 20.2826 10.2993 33.0724
2 499 31.46 30.3422 5.67144
111 2524 22.9687 34.6877 6.93939
77 5075 26.77 29.8135 5.8518
184 2012 7.07943 6.24981 51.2186
14 290 6.01839 53.1642 7.79337
133 2651 21.7004 11.2126 29.9744
28 1414 27.9516 31.2442 4.7889
274 805 27.2425 16.2702 21.267
342 605 24.6339 33.7607 6.74982
200 2376 32.1053 27.8302 2.56179
97 717 20.4754 39.7945 4.40259
103 2524 9.66521 11.1925 41.2238
93 453 23.2325 35.2305 5.88638
265 288 32.4154 27.5202 4.59086
299 364 35.2001 25.1604 3.56655
207 1699 26.0579 20.7561 14.8708
38 5044 34.4749 13.1635 10.9644
27 6029 24.8954 30.9584 1.80021
276 1977 6.52296 34.4221 19.1514
267 817 28.2347 19.9658 12.9301
292 1467 35.5538 20.933 3.07292
206 2410 28.6522 27.508 2.20926
84 4699 27.5262 9.1737 19.7109
259 1238 29.1119 26.4038 4.12237
257 789 31.8753 14.9949 13.4484
129 1590 35.1253 19.236 4.07939
158 3165 24.0113 28.1765 4.5978
104 1516 28.951 24.1794 5.06512
182 678 24.0041 30.9416 4.18283
172 3070 25.0057 21.2206 9.92515
243 1620 15.171 32.5239 9.85395
175 2217 16.5312 8.70184 31.044
305 719 9.71312 17.576 29.7415
96 504 22.9614 30.0523 3.97907
330 439 22.7596 29.5407 4.65274
203 529 8.90281 7.50256 38.7981
269 969 28.3864 23.1336 2.74654
317 1032 29.9084 21.421 2.72727
162 2086 26.736 14.5582 10.2931
32 581 11.0061 32.0071 10.5674
170 2614 31.7453 16.2568 2.80453
316 1315 27.5363 10.4238 14.2912
244 1550 27.6794 18.5689 5.37914
338 315 15.1025 9.80139 28.7964
306 616 24.9232 15.6378 12.2813
130 1465 30.5773 17.8375 3.06098
160 3007 15.2365 32.7941 1.60551
237 1338 28.1229 12.6771 10.1553
102 760 24.6217 22.4511 4.46741
8 8722 16.5239 11.0964 16.7344
105 403 20.8326 25.3571 4.518
253 1804 14.0841 16.3253 17.7821
220 1720 25.0178 17.8835 5.19276
164 1976 22.2917 22.4866 1.63182
12 1194 22.7988 19.5056 4.69966
318 600 27.707 8.82158 10.9402
194 1257 19.4321 21.8953 4.72879
40 993 23.2946 19.9288 2.4695
198 2875 23.0229 16.6825 3.1926
336 513 19.8535 20.6526 5.13889
272 1046 24.2473 16.9174 3.2553
202 1601 17.7633 6.98167 17.6527
167 280 20.4904 21.0432 2.83825
189 2350 19.4793 16.8967 3.62957
190 1329 6.26723 7.85621 27.0217
340 506 7.11228 5.61167 29.2675
10 384 10.9896 4.88405 25.2938
7 3389 16.3643 9.42815 11.0094
343 458 8.01902 19.5046 12.2933
140 2376 20.1831 10.3189 6.12809
124 707 18.0315 10.09 9.82832
310 332 19.9279 15.9234 2.03734
166 1245 15.549 12.8582 7.44493
322 4613 14.3061 9.31682 8.59055
150 2793 16.4288 14.9408 1.37621
302 744 20.7369 12.1311 2.32584
339 403 19.2586 15.1503 1.1339
173 3316 14.7982 15.2804 1.70243
320 476 21.1445 12.9994 1.08051
216 387 18.5825 12.9008 3.04106
231 1030 13.5033 17.2903 1.8787
324 428 23.1637 6.07055 4.1117
289 752 10.7445 18.6842 3.07421
275 798 16.7125 13.734 1.73501
219 1717 15.8622 13.4105 1.41789
153 2395 13.7364 11.5865 4.24934
327 883 14.898 14.4014 1.28056
232 1470 19.7758 7.17901 2.5919
261 1074 8.49985 14.3127 7.06849
236 2128 8.72457 17.2582 1.74029
191 257 13.7473 9.31499 6.7845
54 400 8.05621 15.5557 5.69542
325 522 3.66976 22.7621 2.55532
75 2553 9.16818 14.7723 1.86746
0 895 6.54805 5.78506 15.2898
309 640 14.6508 12.4175 0.504966
34 161 13.4836 5.56728 9.73047
82 1682 8.72591 3.3929 13.5182
68 4073 11.311 10.3297 1.62778
44 4433 13.1626 6.43082 3.31598
319 901 6.38958 17.1657 2.00719
205 2819 10.5723 7.84378 4.79992
335 418 5.84618 3.20229 17.334
23 545 11.0953 13.3747 1.49542
239 2183 9.15936 11.1064 2.04891
63 5055 10.0258 6.28824 3.27992
331 690 14.6609 6.03102 3.09385
346 679 11.5511 10.0218 1.62979
179 412 9.26346 9.72019 2.15712
256 1138 10.5126 6.81702 1.36995
70 3283 6.62366 8.90983 0.312916
183 493 7.04826 9.47579 1.21616
123 493 7.04826 9.47579 1.21616
329 1093 7.31247 5.64929 2.87454
249 914 7.1147 5.26083 1.93917
233 1869 5.0394 6.22892 0.124149
314 938 4.3006 7.47666 0.340162
