26 9444 35.9901 11.7169 13.9954
35 6678 38.1595 6.03308 18.4158
55 5901 44.7993 6.18746 10.5623
57 5327 46.9139 4.559 9.10825
44 5722 45.9439 5.795 7.71126
23 8258 38.7767 8.18752 10.4949
136 4317 40.41 7.36498 12.0087
102 2446 32.5486 8.16209 20.4209
2 10410 36.8966 6.58944 10.9376
155 525 48.7131 1.78446 11.0462
178 3597 42.3562 5.52212 9.93745
75 4645 40.7401 6.04431 9.55027
93 4819 32.3061 10.2364 13.2341
89 4427 38.0024 4.56348 13.1614
10 7653 38.258 7.96047 7.31015
6 6953 39.1342 4.38845 10.2578
24 5920 31.5886 10.0742 12.735
101 2604 33.7522 9.01468 14.1779
92 3090 36.7089 7.28971 12.1076
83 3285 33.3416 9.78243 12.1734
20 6873 32.9905 10.0826 9.24376
299 608 43.0571 5.22704 9.79097
129 2784 41.7279 4.7235 8.79682
34 7544 38.5843 7.53195 5.35223
66 3494 37.2078 7.9802 9.03199
204 1427 38.1676 7.53462 10.5364
110 2630 43.289 4.30754 7.24895
43 5319 35.4613 6.06156 10.8573
16 9018 37.6418 3.0094 9.42563
86 4371 36.589 6.79588 9.55465
119 2976 39.5954 4.24981 10.1033
251 775 29.1054 7.44193 19.8944
1 15443 26.7406 7.64575 12.1813
214 2469 36.9071 6.01744 11.0974
54 5995 32.894 9.56701 7.96387
49 4446 35.9332 6.11811 8.63379
120 3245 32.1372 12.6939 6.81569
5 13177 28.1271 7.62413 9.41171
8 9461 32.0471 5.25549 9.42802
14 9247 25.695 4.27071 16.8096
201 1256 30.2878 11.4789 10.2977
171 2172 28.0637 8.45463 14.1451
71 2821 35.7487 6.69961 7.53399
87 4765 36.4321 7.06628 4.62971
160 1477 41.135 5.41949 4.56868
7 9760 30.3064 4.43097 9.80927
29 4767 26.3917 9.66028 11.4405
272 1145 36.5082 5.31568 8.95789
289 1157 20.7378 8.45683 21.5619
126 4818 35.658 6.12541 5.37132
228 1297 33.8045 5.09921 11.5691
200 2350 38.3814 3.59446 6.71661
58 4722 34.316 2.60822 9.70988
77 4120 37.2257 4.54522 5.18036
240 1592 36.8352 6.54395 5.62739
231 1705 31.4403 9.3818 7.85553
145 596 36.1053 4.56316 9.67074
21 7011 26.7855 7.77562 9.69849
243 985 36.8487 2.8544 9.74384
265 1971 32.4347 4.56836 10.918
27 9133 27.1484 7.92089 7.4776
175 3326 30.8969 6.46234 8.96727
250 1206 38.0017 4.12731 6.155
72 3841 36.6189 4.59923 4.24186
13 9365 27.0076 7.78015 6.98825
261 1068 33.8055 6.24517 8.03371
100 4381 16.1767 6.53449 21.6446
48 5044 31.2739 3.72476 8.53922
227 1696 34.0573 6.33797 6.05917
295 861 31.3862 4.29613 11.5673
254 1745 26.3383 11.3579 8.15827
122 2388 32.0351 3.9356 8.8849
288 401 28.9952 7.5273 11.1897
63 4498 24.2985 9.56179 8.92164
41 6417 28.6755 6.51611 6.26274
81 3063 30.684 4.1055 8.92913
174 2723 35.0866 1.48404 7.21491
127 3878 30.4688 2.40578 9.79199
307 408 36.4613 2.6801 7.30278
286 937 25.5201 13.5557 6.12706
282 1251 33.0416 3.79732 7.78556
64 5096 31.0315 1.97217 7.77778
116 4202 26.3877 4.48309 10.5313
133 2729 33.8914 3.16503 5.58092
166 2751 31.558 4.66215 6.2429
17 8303 28.6262 3.97045 5.79582
4 11612 25.4553 5.22828 5.91553
168 1853 27.7268 5.17118 10.1359
103 3962 24.9871 6.23215 9.76144
156 3568 27.7385 5.17771 8.19185
255 1231 34.7519 4.92843 3.37512
305 805 33.6148 5.00595 4.81036
170 2304 26.3401 7.96539 7.05081
37 6303 23.9945 9.243 4.60998
105 3496 30.5547 3.46981 5.66317
131 4264 22.6762 7.93032 8.40304
0 13214 22.4296 4.28536 6.94507
150 2352 23.8322 4.53911 11.6242
62 5431 28.6525 4.22434 4.45444
45 5505 28.0875 4.88061 4.24808
162 2805 22.9418 6.06616 10.3185
112 2132 32.4668 3.39934 3.99332
69 3668 24.6315 6.38596 7.38163
236 1244 28.3736 5.2296 6.82234
148 2758 24.8813 9.20657 4.5518
68 5061 22.2658 6.49301 7.90628
152 2792 17.4163 5.77539 14.9232
141 2766 21.1595 8.06321 8.88463
33 6476 27.7186 2.67496 4.46396
11 10386 25.1371 2.35455 4.77206
82 5134 27.6122 2.97068 4.46788
104 2746 23.2412 9.32452 4.35402
252 1063 27.7357 4.3936 6.572
206 2054 25.2954 4.10517 7.96739
183 2579 24.6424 4.07008 8.05926
205 2148 23.2659 7.9345 5.99155
298 416 26.8948 5.91092 6.40129
78 4691 16.8722 9.96108 7.46274
113 1918 23.1719 6.29959 7.25478
191 2224 28.548 2.6167 5.16428
268 1010 26.1413 3.3054 8.18677
59 5629 22.0864 6.5458 4.60656
208 2346 26.9243 4.1604 4.41899
215 1772 27.6723 2.52924 5.83489
97 2919 27.8995 2.46262 4.46573
84 4977 24.723 2.96687 5.39304
9 9290 17.5263 7.57627 5.25788
241 1601 23.865 8.15497 3.95168
67 5798 16.7083 7.32394 8.30153
146 4444 22.4765 6.82979 3.82469
88 3729 23.0022 5.2745 5.34519
311 314 24.4703 2.42619 10.5799
199 1564 25.8499 2.6677 6.62173
52 5019 18.8181 5.59851 6.76248
15 6406 17.5438 6.02175 6.43636
276 930 24.8457 5.49447 4.59156
197 1914 17.9124 10.0369 5.64567
147 3267 25.3356 1.57679 5.11693
128 3113 23.6625 2.5921 5.32821
263 1568 22.595 4.87065 5.62362
239 1220 23.7808 3.04246 6.61876
179 2367 20.1186 5.21411 6.4618
31 7751 21.3819 2.07388 3.70864
106 2346 18.2094 4.32065 8.56289
190 1908 18.6146 3.64178 9.13149
244 1358 19.227 3.92972 8.8788
135 2128 22.2757 3.03091 5.61509
149 2763 21.6519 2.04165 6.08529
115 3558 17.9665 2.89411 8.11967
139 3778 15.6897 5.90959 7.19066
226 2039 23.8984 2.69679 3.80981
264 1190 20.6344 8.19536 2.51163
192 1076 23.1109 3.43675 4.94593
312 382 25.582 2.59599 4.57399
36 5330 20.2961 2.87217 4.19616
154 3331 15.9575 7.5514 5.2577
132 2381 18.3323 7.63049 3.61665
47 5308 20.9969 1.62729 4.52537
32 5733 16.4587 6.56186 3.6473
257 1768 22.8053 2.86442 3.88697
172 3263 13.7252 5.2482 8.90962
188 2193 19.5215 3.81367 5.42545
22 7912 15.5517 2.30768 6.39161
96 4231 11.7138 5.0254 9.81944
203 1332 21.8956 1.94465 5.56899
177 1803 17.5255 5.21748 6.02968
222 1870 10.0011 5.44745 12.9101
140 4874 18.8421 2.56153 3.98031
296 1010 20.2014 2.26365 6.18023
28 5531 19.0408 2.11185 3.17546
95 2949 18.3292 2.20889 5.78972
38 7800 14.8281 3.66717 4.42114
248 1481 19.9937 3.54239 4.23306
108 4024 18.1604 3.61139 3.41134
134 3272 15.9249 4.178 5.59806
143 3312 18.7186 1.70111 5.17918
198 2075 20.3726 3.26566 3.13613
180 2770 18.5154 2.91366 4.61367
186 1456 20.5282 3.89513 2.82334
3 10409 15.8161 1.17776 3.77504
290 967 20.1891 2.65107 4.39122
187 1031 15.577 4.7123 6.81234
40 7318 15.7237 2.64094 2.86595
245 870 18.4449 5.01517 3.35681
109 5154 13.9317 3.23799 5.38983
164 3133 17.3418 2.50184 3.91912
76 3262 17.8202 2.3182 3.35922
225 2524 13.2371 7.48307 3.41557
176 2479 18.7157 2.21675 3.02975
195 1656 16.6528 3.41285 4.68942
61 4739 15.3208 2.55826 3.53482
18 5154 16.6109 1.49927 2.83913
99 4372 15.3217 3.48215 2.69989
300 315 17.4789 3.87889 4.90081
217 349 17.4885 2.55553 5.99918
85 996 14.9933 5.53112 4.1774
304 662 16.4084 3.56801 5.063
223 1454 17.0454 2.44453 3.98867
138 2530 10.8369 4.15027 6.69956
130 2602 10.8691 6.47047 3.60869
259 701 14.341 3.13224 5.88453
144 4290 14.2608 1.87682 2.99108
118 4753 14.9046 1.22547 2.54646
235 1672 14.8013 1.51428 5.14289
308 592 18.0769 1.70963 3.04757
19 10497 10.5038 1.57196 2.87706
74 3925 14.7763 0.988656 2.89503
278 1073 13.9469 2.66854 4.73241
270 1044 13.4536 4.78066 3.03144
303 718 14.1775 1.9515 5.05336
281 1386 14.0984 1.7884 3.84756
220 452 16.1601 2.7327 2.35737
293 762 13.4571 2.59059 4.54435
181 2350 12.5378 1.5563 4.03761
285 673 14.8733 2.30079 3.06292
194 2742 11.4672 1.4733 4.57014
169 2177 12.8045 1.60344 3.59086
292 475 15.1478 1.76795 3.50639
260 616 14.3202 2.62441 3.14083
212 1623 14.2664 1.57637 2.37779
216 1976 11.3155 1.79674 4.46039
274 1313 12.1418 1.64555 4.45498
283 689 10.955 1.17365 7.08845
246 502 11.6566 4.06902 3.87433
313 509 15.3323 1.56732 2.5848
173 3169 10.1398 1.61091 4.22981
90 5222 10.3265 1.3518 2.40636
196 3162 10.5202 1.60051 3.53316
238 2078 11.3316 1.5506 3.78384
53 5243 10.2152 1.34426 2.12006
142 2022 9.90257 2.91215 3.54985
65 6086 8.4693 1.09164 3.23349
309 662 11.2759 1.35311 5.29605
46 8397 8.24949 0.857345 2.15819
42 7129 9.33813 0.934105 1.61441
125 4212 9.10172 1.33535 2.95873
60 5761 8.59675 1.04876 2.50831
167 3138 9.93345 1.52966 2.6266
266 1223 10.9752 1.5316 3.45425
73 4729 9.13371 1.52661 1.8228
12 9381 6.95206 0.992159 1.72423
30 6516 7.92228 1.15187 1.7975
80 4991 8.37913 1.04442 2.37371
242 1257 11.85 1.09469 2.36781
50 5522 8.47507 0.824905 2.05111
302 466 11.089 1.68723 3.84098
56 5049 7.49154 1.5218 2.6023
224 1080 10.8606 1.72295 2.78193
232 616 11.9695 1.66922 2.49204
39 7135 6.9961 0.846238 2.25784
271 1375 7.93208 2.65822 4.02094
114 4117 8.26593 1.14617 2.48735
91 3346 9.01656 1.18343 2.23533
234 1043 10.4204 1.5864 2.7369
229 344 10.0724 2.44732 3.35944
161 4104 7.75234 1.16098 2.33522
117 3073 7.72956 1.50356 2.73163
111 3931 7.94597 1.18804 2.07294
267 1159 9.63085 1.96242 2.24903
25 6670 6.40994 0.692158 1.8793
70 4644 6.79879 1.70302 1.79755
273 507 9.7695 1.88555 2.99995
121 2346 8.84628 1.07725 2.11461
51 7550 6.25297 0.728089 1.13894
159 3195 7.71132 1.13719 2.30496
297 770 9.28761 1.42784 3.27636
237 2026 7.40084 2.30218 2.51297
94 2588 8.55054 1.32738 1.54043
158 1111 9.41923 1.22046 2.48211
79 3977 7.66158 1.14625 1.31433
123 4137 7.18968 0.984924 1.76165
284 1525 8.71561 1.42184 2.27007
193 2278 8.20147 1.49236 1.84215
124 2476 7.53867 1.18262 2.56945
98 4565 6.97995 0.912675 1.61653
249 1488 8.21144 1.54689 2.59776
151 2103 8.53465 1.18676 1.88603
153 2582 7.46908 1.15581 2.46238
202 1575 8.69075 1.0769 2.31023
184 2447 7.55136 1.39408 2.14224
211 1289 8.95219 1.47129 2.01954
107 3880 6.8952 1.08904 1.7954
213 2096 7.54627 1.45357 2.26214
291 315 5.67712 3.91496 4.15827
253 889 7.3738 1.32291 3.80567
279 1271 8.42882 1.3216 2.05486
230 1381 8.11159 1.33094 1.92032
219 2941 7.02782 0.976487 1.5259
221 1927 7.32963 1.17946 1.88794
209 2268 7.54327 1.05024 1.3167
137 3944 5.90581 1.0576 1.3692
165 3317 6.11365 0.919529 1.74557
269 1701 7.75232 1.2142 1.44368
182 314 7.68939 1.00326 3.94631
189 1963 7.082 1.27829 1.5295
185 1689 8.00599 0.965931 1.18267
247 967 8.14328 0.941741 2.06489
287 1218 7.63229 1.40895 1.4212
163 3420 6.054 0.510053 1.3579
277 1092 7.42991 1.21354 1.71495
310 335 8.98995 0.893311 1.93195
258 1269 7.19794 1.21806 1.61338
157 936 7.1979 1.2475 1.71189
262 628 7.16017 1.3249 2.03961
314 464 8.19774 1.43085 1.17434
210 1859 5.66814 0.924659 1.73227
306 312 7.32262 1.06649 2.39563
233 1432 6.04583 1.03294 1.61998
301 685 7.53424 1.00627 1.23724
218 1038 6.47099 1.29369 1.07983
207 1372 5.94471 1.14137 0.846068
256 1393 5.78187 0.829293 1.24734
280 1063 5.73481 0.748438 1.29716
294 843 5.69362 0.926253 1.12513
275 878 5.05288 0.929996 1.45017
