93 4819 41.8491 81.8471 69.4848
57 5327 62.3838 49.9373 72.7871
92 3090 50.032 64.9302 70.4446
75 4645 54.2196 60.0321 67.2386
307 408 43.836 49.9058 91.956
55 5901 58.095 63.6952 57.2468
136 4317 51.4906 67.6384 57.7072
89 4427 51.5238 49.7621 75.2021
155 525 65.8186 39.5513 73.272
16 9018 51.0105 49.2098 69.9484
214 2469 49.5992 46.0817 78.4357
23 8258 50.8455 70.6345 48.0502
83 3285 43.6941 68.1231 60.8192
26 9444 40.0351 63.9593 64.1217
24 5920 41.5748 65.7672 62.6478
17 8303 36.9166 32.0879 97.1968
119 2976 53.5659 43.0805 72.96
35 6678 51.6552 56.0202 59.0409
44 5722 58.6823 25.4146 82.8504
20 6873 41.9418 42.5586 79.7694
204 1427 50.166 70.7289 44.5147
192 1076 24.7974 45.0463 95.0683
2 10410 49.3456 46.6125 61.818
120 3245 44.0122 51.0709 67.1389
272 1145 48.0674 43.1045 71.9853
299 608 55.3956 49.7574 58.4668
282 1251 39.162 31.9802 90.7328
63 4498 26.1748 43.7697 88.2324
66 3494 49.2243 45.1242 63.533
86 4371 43.5658 37.3392 72.3335
122 2388 37.9382 47.3393 69.0568
54 5995 43.6568 32.4956 75.2934
227 1696 41.7341 61.4016 50.7726
129 2784 54.6357 31.8926 66.1093
1 15443 37.9011 37.1954 70.3654
34 7544 49.7587 51.8089 47.5615
110 2630 55.4475 27.6437 68.0988
178 3597 52.9597 25.1225 72.0068
312 382 30.0228 38.5903 84.3432
43 5319 42.1753 26.0987 78.9358
175 3326 39.2643 50.7372 58.3848
311 314 31.756 69.3685 50.3514
261 1068 42.653 68.2901 38.5511
200 2350 47.4954 29.7696 70.174
265 1971 34.2331 34.9038 78.2405
71 2821 43.1229 39.3396 64.0018
21 7011 34.3 59.5323 48.1448
8 9461 38.4221 29.1981 72.7209
64 5096 42.3431 37.6852 62.6594
141 2766 27.5816 49.4414 67.3321
29 4767 34.6514 30.2987 77.3241
298 416 33.6535 42.221 71.1192
170 2304 32.447 66.2059 45.4029
78 4691 19.7551 56.5691 64.0082
254 1745 30.0425 41.546 70.5791
116 4202 33.84 36.3959 69.3242
217 349 19.1277 27.3559 96.6762
240 1592 47.4768 17.3171 75.9795
10 7653 50.2135 25.9411 59.0386
102 2446 42.7261 36.1139 59.1134
69 3668 33.3566 39.3721 63.717
138 2530 11.7902 30.757 94.9117
295 861 43.7204 58.3337 37.3342
231 1705 41.4491 39.1147 57.4555
228 1297 47.1507 51.4362 37.9181
145 596 47.5941 59.8211 30.0542
113 1918 25.3163 43.0818 66.9108
5 13177 34.4586 58.6499 35.0609
172 3263 15.8409 47.7671 69.9544
288 401 37.5518 40.6708 58.886
6 6953 47.0546 36.9453 46.7588
286 937 32.8664 42.4518 60.1419
101 2604 44.3128 34.7376 53.6291
14 9247 33.488 39.2591 54.9195
243 985 48.6718 36.0171 49.2814
58 4722 47.2093 35.5513 47.0704
201 1256 31.9146 43.6943 55.8666
251 775 35.7287 36.5631 59.4985
205 2148 29.9558 38.467 58.414
174 2723 46.7971 37.9606 41.3296
150 2352 26.6199 45.4813 54.1219
171 2172 37.216 58.179 30.6296
103 3962 33.8209 39.3463 50.7901
11 10386 33.6277 28.5556 57.1741
271 1375 8.97232 17.4918 98.5543
0 13214 27.1882 27.2194 62.5561
33 6476 36.8076 29.4922 53.4004
173 3169 10.6809 26.32 83.3501
59 5629 25.4333 55.5489 37.2873
197 1914 17.9033 32.4645 70.9165
152 2792 25.2262 34.3548 60.4571
127 3878 41.9272 32.7201 43.519
31 7751 28.6418 16.2649 70.5176
131 4264 27.171 55.1749 35.2966
7 9760 40.5831 34.0848 37.4098
162 2805 32.6649 47.2383 35.3805
49 4446 43.1013 31.3599 38.9889
160 1477 50.8963 47.5893 17.5334
263 1568 24.9434 23.9987 66.4551
179 2367 25.3178 27.6758 60.2496
45 5505 35.1133 28.572 46.1015
68 5061 28.5973 53.1525 27.8903
156 3568 35.8706 38.4959 36.3727
72 3841 48.8726 29.8675 30.6858
18 5154 22.879 8.70082 76.1272
124 2476 10.7666 6.93087 92.0857
48 5044 39.3612 52.7785 14.6829
81 3063 41.918 60.9295 4.89651
250 1206 47.8293 43.0001 18.4848
77 4120 49.5702 28.7944 27.863
289 1157 24.548 24.7397 59.0018
105 3496 39.7136 23.081 42.6438
96 4231 16.9949 29.6213 57.5327
67 5798 22.429 33.8799 45.3223
97 2919 36.9607 24.2917 42.1818
199 1564 35.4874 38.9547 29.4395
268 1010 36.8913 37.5857 30.0137
168 1853 37.0868 40.9182 24.559
109 5154 14.5079 28.5691 56.3934
4 11612 30.7013 37.5933 27.4409
37 6303 36.861 46.9908 14.6014
190 1908 19.8208 46.6901 34.0895
27 9133 33.4529 35.4917 25.3882
166 2751 42.5716 41.3558 14.4505
191 2224 38.4296 27.7656 31.9628
146 4444 22.0459 50.8904 22.9604
15 6406 22.9693 25.046 46.1667
306 312 10.3561 6.38458 83.4026
62 5431 37.8706 24.8876 31.0381
225 2524 14.8507 50.9942 30.0216
148 2758 38.8686 45.6397 10.4461
46 8397 11.6853 4.99803 73.7643
87 4765 43.8982 40.671 6.76009
252 1063 35.9616 33.0353 25.9728
226 2039 31.8581 20.435 41.2095
236 1244 31.7218 43.6304 18.7007
126 4818 42.2991 43.1595 4.8148
222 1870 14.4947 28.0376 50.1182
100 4381 18.327 41.6807 29.3451
85 996 19.0183 16.517 56.9546
106 2346 25.6397 40.7055 24.0459
52 5019 24.1687 47.3656 16.5807
82 5134 37.0779 27.0985 22.8333
133 2729 45.6608 38.3484 4.22472
114 4117 11.7444 5.34919 69.8969
149 2763 27.6734 18.3897 41.9954
28 5531 25.6303 19.0266 41.1617
104 2746 36.8231 35.7379 14.8053
140 4874 20.4182 19.3507 45.4253
118 4753 19.783 10.6311 54.838
88 3729 27.5661 27.3781 30.9764
99 4372 19.1581 16.1078 49.255
74 3925 20.2187 13.8754 50.5613
213 2096 10.6713 5.69409 69.9682
255 1231 45.514 23.4762 17.8847
215 1772 36.3302 47.0383 2.70729
125 4212 13.2669 6.42637 63.9304
300 315 21.5153 39.4948 27.013
9 9290 20.2466 40.9958 18.8521
38 7800 15.3057 32.2822 33.1957
134 3272 18.589 20.3013 43.9288
206 2054 34.8282 35.2044 13.8606
13 9365 30.458 36.3171 11.7612
144 4290 19.8927 8.27548 53.2977
293 762 18.6589 14.0478 52.0414
32 5733 25.7361 26.1296 27.8034
246 502 13.7949 17.4566 53.0143
244 1358 24.7141 37.01 20.9345
177 1803 21.7118 44.2136 16.0341
25 6670 9.17146 4.08305 64.2696
112 2132 42.6903 34.5075 3.70975
232 616 13.9832 13.5529 54.9036
135 2128 28.9914 29.6904 21.3147
239 1220 31.4973 42.6918 6.77706
84 4977 33.7035 40.6414 3.02903
130 2602 13.1493 10.4663 55.4388
258 1269 10.0666 4.10313 65.571
305 805 43.9861 31.9573 4.26589
264 1190 32.5609 33.9157 13.0528
223 1454 22.9619 21.3186 34.8098
180 2770 24.7558 23.799 28.8407
210 1859 8.06289 2.73361 67.1627
41 6417 33.1407 35.9203 5.12316
238 2078 16.221 9.03561 51.4706
147 3267 31.3833 17.5039 26.5278
276 930 30.9623 21.6776 24.8539
115 3558 23.6367 35.2296 15.6934
47 5308 25.7699 21.2449 26.1048
143 3312 22.6576 17.8686 33.8659
183 2579 32.105 33.1609 9.50181
216 1976 15.4704 9.80328 50.0311
181 2350 16.8119 8.88531 48.8337
139 3778 16.1824 33.077 23.0505
169 2177 18.4305 9.698 45.6493
208 2346 35.9351 34.5325 2.94417
296 1010 25.7554 16.5782 32.7201
203 1332 26.5536 17.3936 29.3578
22 7912 20.7865 28.0074 19.0046
80 4991 11.979 4.37432 53.2105
302 466 15.2482 8.97588 49.8585
95 2949 25.1377 20.8523 24.207
56 5049 8.46249 10.7086 48.2168
132 2381 29.2727 28.5269 11.5472
248 1481 25.6772 42.7758 1.77107
40 7318 16.5614 24.0693 24.8197
94 2588 12.0646 3.83458 51.7301
187 1031 16.1568 27.7094 22.9844
128 3113 31.3664 30.5056 2.52428
304 662 22.2521 26.3884 18.2022
212 1623 19.0805 8.1606 36.6504
241 1601 31.0169 19.5845 12.9636
195 1656 21.1362 40.2614 1.92617
259 701 15.4989 24.5593 24.484
303 718 18.9567 10.4634 34.9189
76 3262 21.8001 37.4659 1.28742
245 870 25.7126 32.9997 4.49948
235 1672 19.1165 12.0014 30.8426
266 1223 14.8616 5.64565 41.7811
50 5522 12.0806 4.21829 40.5813
3 10409 21.3559 15.1578 17.0754
257 1768 30.9638 26.0325 1.78969
193 2278 11.6494 4.68695 41.648
188 2193 23.0396 21.0504 13.6437
121 2346 12.5113 4.2449 40.5574
36 5330 28.1322 21.0826 4.77837
164 3133 22.9423 22.3531 9.23332
19 10497 14.7732 7.56522 27.5188
61 4739 20.1338 20.9565 11.2449
42 7129 12.9199 4.63247 32.9428
65 6086 11.8151 5.69483 33.1358
176 2479 24.7578 20.3217 8.0235
30 6516 11.0217 6.07429 32.1954
154 3331 16.0522 27.9282 7.13099
253 889 10.5077 8.47411 33.792
230 1381 11.5095 4.0112 36.4139
290 967 28.1061 20.6115 3.54362
274 1313 16.3532 14.705 20.0258
224 1080 15.0695 7.92877 28.0725
108 4024 23.0064 16.3738 8.23932
270 1044 12.7348 31.855 5.73081
308 592 23.2311 23.7994 3.98622
117 3073 11.3313 6.71216 29.3184
196 3162 15.1759 7.46863 22.2035
198 2075 26.7822 14.2386 3.15584
234 1043 14.4994 5.94573 25.0119
161 4104 11.0172 4.2341 26.4235
242 1257 16.5951 8.34152 19.5793
285 673 19.0536 22.8808 3.28868
281 1386 18.9414 15.9901 8.6607
53 5243 14.2149 9.27726 16.1565
186 1456 26.5782 9.78488 6.40982
167 3138 13.8504 5.38811 21.5347
283 689 17.6752 23.0065 2.9737
247 967 11.4871 3.18115 28.056
221 1927 10.2729 4.18565 26.6124
211 1289 12.6755 3.88546 25.1517
313 509 19.2061 22.0308 1.26565
142 2022 12.269 26.2946 1.52308
60 5761 11.8216 5.64498 19.3062
229 344 12.5811 26.346 3.4291
278 1073 20.3883 17.5946 2.62542
91 3346 12.5058 4.71756 20.8159
90 5222 14.4086 6.45444 15.2152
284 1525 12.4515 4.286 21.2997
292 475 21.853 15.057 2.70342
73 4729 12.9513 4.7014 17.0872
194 2742 17.0189 17.6773 1.66745
309 662 16.6802 20.5079 1.24237
151 2103 12.1895 3.93112 19.024
249 1488 11.4219 5.73095 18.3984
184 2447 10.5037 4.65244 18.946
39 7135 9.69866 5.18454 14.9794
158 1111 13.2697 7.94505 13.3528
260 616 18.0364 14.9082 2.15779
297 770 12.6081 14.2894 7.90798
219 2941 9.88996 3.40459 18.4088
153 2582 10.5279 4.47476 16.7434
111 3931 10.8792 5.62688 13.7733
202 1575 11.5565 4.23298 16.374
107 3880 9.66169 3.78582 16.1078
279 1271 11.7078 8.37844 11.6689
233 1432 6.81067 10.5435 13.9417
159 3195 10.8993 4.34188 13.8031
12 9381 9.63422 4.93711 10.0166
220 452 21.1489 8.36422 2.62826
123 4137 10.0454 3.27348 14.1679
209 2268 10.5874 3.74226 14.3585
157 936 10.2335 3.63959 16.2136
98 4565 9.58822 3.59963 12.47
269 1701 10.9446 4.07352 12.8058
291 315 6.44759 20.0396 3.07511
79 3977 10.8232 4.80571 9.16749
294 843 7.93993 2.43053 17.3503
273 507 13.3739 11.4129 3.00243
182 314 11.9244 12.4467 3.68669
267 1159 13.1516 9.49274 3.35656
51 7550 8.71824 3.5237 8.46239
310 335 12.0767 6.81004 8.57438
70 4644 7.45291 13.2308 1.45381
275 878 7.00059 2.72286 15.4699
165 3317 8.61019 3.34423 10.2719
137 3944 8.21614 4.61661 8.85246
237 2026 8.7012 13.2142 1.54179
287 1218 10.7671 4.85332 8.42313
262 628 9.80342 4.13137 9.57258
185 1689 11.1587 3.31821 7.1219
277 1092 10.3971 4.38996 7.37435
189 1963 9.88658 5.49385 5.0442
163 3420 8.35953 4.01068 6.34212
218 1038 9.10226 3.80009 8.29817
314 464 11.5052 5.29733 3.37616
280 1063 7.89822 2.80849 6.66586
207 1372 8.40646 3.45502 4.56952
301 685 10.2683 4.36974 2.31542
256 1393 8.22103 3.5082 3.91439
