155 525 56.3923 62.7008 78.8561
57 5327 56.3645 59.49 72.3746
44 5722 69.1272 55.1789 53.4754
55 5901 45.0392 58.528 71.4364
35 6678 54.3458 48.772 65.0339
110 2630 62.7466 52.5546 52.6343
129 2784 62.0005 51.0334 53.3083
75 4645 39.9799 56.0839 67.0577
299 608 40.9915 56.8851 68.8347
119 2976 50.0704 50.7849 62.6891
178 3597 66.7339 50.4376 43.9386
89 4427 41.9285 49.5546 66.0462
23 8258 38.9779 52.9752 63.1415
16 9018 43.8407 49.4082 61.2694
2 10410 50.2529 46.9011 56.2986
10 7653 63.0436 45.4713 45.402
136 4317 35.3595 53.0512 67.0516
34 7544 51.7022 48.9157 50.7114
66 3494 59.0066 45.031 48.5472
214 2469 51.3339 45.4779 56.3519
160 1477 58.9569 47.5288 47.0892
92 3090 33.5324 51.9916 65.8601
77 4120 55.0899 45.368 49.3004
204 1427 35.7314 52.3839 63.3625
102 2446 61.7942 39.2361 48.6663
72 3841 54.4958 44.9304 48.0319
6 6953 58.63 45.9942 39.4166
101 2604 59.0865 40.3123 46.282
272 1145 48.234 44.8066 53.9377
243 985 39.303 47.4235 60.3812
58 4722 39.1241 44.6062 58.8187
228 1297 41.8428 44.3985 59.1756
200 2350 55.9636 46.1672 41.561
250 1206 52.0975 45.5606 47.2402
240 1592 60.6347 43.3848 39.2741
145 596 44.8365 43.9828 55.8886
174 2723 40.7524 44.7151 55.3371
120 3245 57.4388 38.5099 43.9725
54 5995 57.1422 38.9081 40.1437
133 2729 47.345 42.0552 48.4745
20 6873 40.5717 42.8911 50.6794
255 1231 53.5045 41.4534 42.1722
86 4371 56.7423 41.9427 35.037
83 3285 26.7379 47.4601 60.1519
87 4765 52.1997 43.2835 37.4718
71 2821 52.9208 41.1401 38.4765
49 4446 56.7286 40.413 34.0001
7 9760 45.4134 38.0219 43.7246
43 5319 58.3498 41.4406 29.3416
305 805 50.6859 40.3628 42.1491
295 861 34.9044 41.4293 56.7127
93 4819 25.0025 45.7045 58.1408
24 5920 22.548 45.741 59.3617
307 408 40.9719 44.0979 48.1348
126 4818 47.1458 43.6796 37.2852
64 5096 36.1097 40.3282 51.2527
1 15443 46.2174 33.5463 42.4969
166 2751 46.8013 38.1213 44.3604
231 1705 48.6026 37.2069 44.1171
127 3878 32.7391 40.3326 53.9878
112 2132 46.8863 39.437 42.337
81 3063 60.083 38.555 29.0848
261 1068 30.8222 44.7801 52.9183
227 1696 40.4504 42.8102 44.2852
26 9444 41.042 43.9114 36.895
8 9461 50.245 37.3225 31.005
48 5044 42.5489 38.0724 40.4311
175 3326 38.5085 38.1584 45.5091
251 775 65.7927 32.8008 25.1969
105 3496 45.4799 37.3687 37.72
171 2172 46.1396 32.1293 43.3918
14 9247 29.8604 33.3457 51.462
282 1251 48.1489 38.9288 32.586
148 2758 49.2712 29.5483 38.8512
29 4767 46.201 32.1436 37.1834
62 5431 42.6835 34.9791 37.3678
122 2388 43.2251 38.7817 35.3287
168 1853 39.1013 34.7045 43.188
17 8303 34.3476 35.5414 41.982
37 6303 47.4059 28.4374 36.5533
191 2224 31.1193 38.954 45.4595
5 13177 33.6387 34.9463 39.7333
288 401 26.324 40.3574 51.1004
82 5134 31.7847 37.7341 42.2862
33 6476 45.1182 35.0427 30.7313
201 1256 42.6739 38.1044 34.4696
97 2919 42.3125 35.4212 34.3312
156 3568 41.2766 32.2453 37.5821
104 2746 46.1661 27.6994 37.5464
268 1010 29.973 35.9881 46.4027
215 1772 46.1953 34.7146 29.0869
45 5505 41.9077 32.6219 32.1018
116 4202 33.3682 32.8811 41.2868
208 2346 39.3818 32.7661 36.8215
21 7011 21.4077 37.012 46.8162
27 9133 44.3272 29.6708 30.0507
252 1063 39.7365 32.6501 37.2871
286 937 49.9071 30.2583 29.6168
206 2054 35.6619 32.2787 40.1172
11 10386 41.0715 32.0706 28.7082
199 1564 30.0122 34.706 42.6765
103 3962 22.1493 35.099 47.1968
265 1971 44.875 37.1406 24.0279
41 6417 36.7459 35.8352 29.0121
254 1745 34.7693 33.5615 36.8139
84 4977 44.3704 31.3531 26.5297
289 1157 57.7749 22.4979 24.1787
69 3668 20.0166 36.7041 44.3333
162 2805 32.9378 26.771 41.6065
4 11612 36.9898 29.3056 28.0572
298 416 25.5734 36.2218 40.8673
13 9365 37.6737 32.9343 24.1613
183 2579 37.2809 29.4089 32.6109
170 2304 23.0644 36.2139 39.6761
236 1244 22.5581 35.0305 41.2131
264 1190 43.2042 24.5004 30.8238
63 4498 36.3882 29.9756 28.4749
128 3113 32.0395 29.7169 33.8426
226 2039 37.4468 30.2716 28.6389
147 3267 27.2306 31.1822 36.6739
311 314 29.2783 29.4626 39.8809
239 1220 42.2168 29.8965 24.6797
205 2148 44.0014 27.3024 23.1762
241 1601 43.1416 25.6048 25.8618
257 1768 31.8595 29.215 32.7432
150 2352 31.468 28.4049 32.7737
276 930 40.902 27.9361 25.2263
152 2792 24.2076 24.6005 42.3828
0 13214 34.1886 27.1723 23.1544
31 7751 31.7934 27.1633 27.9602
68 5061 18.9658 30.4907 38.026
100 4381 34.0252 21.7112 31.7018
131 4264 31.5547 27.7753 27.908
312 382 29.7896 30.5249 31.0921
132 2381 36.6846 21.6884 30.0673
135 2128 26.789 28.2565 33.4808
36 5330 29.9588 25.8158 29.7972
141 2766 16.4888 30.7968 39.8134
88 3729 32.1752 29.9496 23.8942
149 2763 25.9824 27.4222 32.0207
290 967 28.3623 25.9917 30.9138
113 1918 29.7353 26.216 25.9406
59 5629 23.9029 27.1843 27.4332
32 5733 32.2426 19.6098 26.5218
198 2075 31.0849 25.236 25.0268
47 5308 21.5386 25.9303 31.0116
28 5531 30.9782 24.3159 22.1756
203 1332 21.6624 26.9159 32.3203
186 1456 33.5995 24.4012 22.3211
106 2346 24.14 21.7819 33.1175
179 2367 17.5543 27.6721 33.6051
95 2949 28.7953 23.9821 25.4543
244 1358 25.1049 24.8566 29.857
296 1010 23.6762 25.3326 30.6479
245 870 31.0146 23.3925 24.9797
52 5019 17.3556 25.6446 31.4863
263 1568 30.3776 27.2405 19.8398
248 1481 23.2299 25.3493 28.8907
115 3558 22.6024 23.1468 29.0343
15 6406 14.68 25.6407 32.2308
180 2770 19.4609 25.587 30.2336
176 2479 28.9167 23.5427 22.7632
67 5798 12.135 25.9456 34.2615
192 1076 24.5178 27.6933 23.1033
146 4444 17.2535 27.771 25.5304
18 5154 25.3362 21.8963 22.1513
108 4024 28.7336 21.1985 20.2428
143 3312 21.9413 22.7803 25.4423
188 2193 30.4572 21.7548 18.5208
164 3133 20.0642 22.9183 26.7014
78 4691 25.1496 22.0201 21.1908
3 10409 18.8454 20.6363 25.2835
22 7912 29.9984 19.9656 15.5152
9 9290 22.7043 20.9885 20.7096
190 1908 25.6661 21.5931 22.2781
223 1454 19.1064 23.0405 27.5414
197 1914 17.9567 25.4041 25.1137
308 592 23.5295 21.3302 25.1921
177 1803 18.5905 23.2035 26.418
76 3262 21.6153 21.6181 22.7842
96 4231 19.3076 16.8519 27.6573
304 662 14.4876 23.8154 29.3528
140 4874 21.8919 22.1098 18.29
222 1870 21.2604 14.5728 29.0866
195 1656 18.4992 21.2709 24.5543
61 4739 16.9917 20.2933 23.9868
292 475 21.3584 19.6582 24.903
300 315 17.5053 22.969 25.5274
74 3925 18.2801 19.5024 23.1408
144 4290 20.3591 18.769 21.3227
118 4753 19.0655 18.9637 21.7725
278 1073 20.5741 18.3153 24.0579
220 452 26.0267 19.613 18.2932
99 4372 23.0734 18.6557 16.9101
85 996 14.3464 21.9006 24.5058
235 1672 18.6578 18.7045 22.3429
134 3272 27.2447 17.4034 13.0942
281 1386 22.4358 18.6589 17.3993
303 718 17.9145 18.7219 22.8832
212 1623 18.3382 18.3893 20.9458
217 349 24.5369 19.9471 15.0732
172 3263 14.4838 17.2686 23.7482
169 2177 17.2659 17.0079 21.6579
285 673 20.1658 17.3031 20.4746
313 509 20.2106 19.5974 18.4318
293 762 13.6531 19.4288 24.6205
40 7318 16.8575 18.4204 15.2626
139 3778 25.5642 16.4965 10.7577
260 616 16.6584 18.8115 20.2609
154 3331 20.0197 19.6025 12.3549
38 7800 14.6805 17.6188 16.1398
194 2742 14.3706 15.6657 21.9424
181 2350 16.2214 16.5261 19.5232
283 689 11.4723 15.616 26.8184
19 10497 14.1984 13.9944 16.9401
187 1031 24.446 16.8186 10.7637
274 1313 20.2305 16.0494 15.2804
238 2078 15.0103 15.1249 19.4814
309 662 13.6834 15.4648 22.3121
109 5154 13.4209 16.4049 16.7746
242 1257 13.892 16.538 19.6054
216 1976 16.2306 14.9991 17.6693
196 3162 14.4158 13.909 18.1469
225 2524 10.3088 18.2853 18.3474
130 2602 10.7676 17.0667 18.6982
90 5222 14.9143 13.553 15.6025
259 701 22.8281 15.2444 10.5292
53 5243 16.7594 13.5465 13.0714
266 1223 16.0056 14.4834 15.9419
302 466 16.9007 14.5415 16.0438
224 1080 14.8634 14.3499 16.9155
167 3138 13.1523 13.1891 15.9545
42 7129 12.883 12.3598 13.9391
234 1043 14.3398 13.793 16.1116
125 4212 12.4524 12.2129 15.7631
73 4729 13.8969 12.2761 13.2398
246 502 19.562 12.9178 10.8959
232 616 15.038 14.1731 13.4656
65 6086 12.7017 11.1441 13.322
46 8397 11.2959 11.1204 13.2606
138 2530 21.5731 10.8511 7.01946
270 1044 10.164 16.42 14.5816
50 5522 11.4158 11.5159 13.8094
267 1159 13.7309 12.937 14.0269
60 5761 11.3264 11.4406 13.6811
91 3346 12.07 12.1048 13.969
273 507 14.8201 12.9996 13.82
158 1111 11.4012 12.9914 15.9154
80 4991 11.5403 11.1959 13.7783
142 2022 11.5573 12.4248 14.5368
121 2346 12.331 11.8919 13.8429
297 770 16.0915 12.2508 11.5684
114 4117 11.2034 11.0714 13.5421
211 1289 12.1853 12.3005 14.1128
284 1525 12.4548 11.7601 13.8258
30 6516 11.403 10.5598 11.8947
94 2588 13.1067 11.2779 12.2712
151 2103 12.3489 11.4316 13.308
229 344 11.4091 12.2507 15.0473
117 3073 11.3049 10.238 13.2363
193 2278 12.2778 10.9435 12.2451
161 4104 10.8427 10.4079 12.4743
111 3931 11.2998 10.4723 11.6608
173 3169 13.9753 11.2436 8.79689
279 1271 13.5399 11.1576 11.3413
79 3977 11.4723 10.4129 11.1598
202 1575 11.0105 11.4262 12.8932
12 9381 9.57919 9.27341 10.6356
249 1488 11.7584 10.8709 12.5738
159 3195 10.3944 10.2484 12.6305
230 1381 12.0322 11.0247 12.131
310 335 11.4195 12.0783 13.3546
39 7135 9.99742 9.3246 10.8215
182 314 9.04385 10.9437 16.7235
124 2476 11.0356 10.1465 12.1964
247 967 11.2972 11.1167 12.5921
185 1689 11.0817 10.8639 11.7796
153 2582 10.91 9.93514 11.6367
213 2096 11.5233 10.0443 11.3405
269 1701 11.4182 10.4564 11.4408
184 2447 11.568 9.89696 10.8664
123 4137 9.83004 9.67175 11.1317
314 464 12.5634 10.8765 11.4517
209 2268 10.8183 10.2215 11.1576
253 889 10.8486 10.004 13.0928
25 6670 8.9075 8.70007 10.5426
287 1218 11.6358 10.1477 11.0162
98 4565 9.42711 9.24122 10.5794
221 1927 11.17 9.91672 10.4982
107 3880 9.84561 9.27708 10.4607
219 2941 10.0372 9.46511 10.5948
51 7550 8.87463 8.44689 9.26962
271 1375 10.8307 9.4468 11.1154
277 1092 10.7851 9.9002 11.024
189 1963 10.7838 9.50179 10.0007
258 1269 11.0711 9.59373 10.076
157 936 10.4464 9.67035 11.0099
56 5049 9.86648 8.93325 7.88806
301 685 10.5483 10.1806 10.371
306 312 9.65577 9.85127 12.2309
262 628 9.99203 9.53306 10.4958
165 3317 8.56814 8.13244 9.61872
237 2026 12.1183 7.95956 7.42818
137 3944 8.38571 7.97071 8.9062
163 3420 8.49297 8.09156 8.93167
218 1038 9.71144 8.69705 9.23267
70 4644 9.56642 7.5814 6.08358
207 1372 8.97183 8.13513 8.41266
210 1859 7.96498 7.62701 9.08417
256 1393 8.37614 7.87445 8.69646
280 1063 7.74481 7.6185 8.68264
294 843 7.91583 7.94987 8.32582
291 315 12.2587 5.89445 6.47637
233 1432 7.79705 6.91766 6.5571
275 878 7.08374 6.96656 7.41184
