4 469 311 -134.782
8 599 247 -189.817
9 64 239 -191.367
11 689 110 -164.683
13 561 629 -137.111
15 137 711 -215.323
16 794 491 -32.0452
17 422 417 -322.377
18 824 126 -356.972
19 856 769 -139.743
20 157 265 -34.9259
21 344 270 -229.233
24 110 340 -238.948
25 374 341 -334.686
26 554 598 -112.707
27 560 726 -202.451
29 220 354 -11.056
30 593 94 -291.023
31 412 191 -93.7084
33 706 798 -292.348
35 173 140 -290.336
36 995 74 -102.662
37 241 160 -41.5044
38 199 417 -260.066
39 574 422 -113.816
41 320 187 -26.0549
42 1087 515 -79.4709
43 928 129 -266.551
44 495 225 -38.6741
45 1127 33 -244.487
46 888 75 -22.2154
47 1101 63 -89.7677
48 780 851 -80.7253
49 375 120 -64.3115
50 978 770 -56.1127
51 1032 171 -111.556
52 247 807 -6.35445
53 1077 598 -259.039
56 737 391 -53.372
57 43 54 -352.824
58 444 59 -127.422
59 346 477 -66.068
60 231 640 -27.2411
61 452 656 -329.73
63 669 207 -236.761
65 932 853 -56.2681
67 737 136 -279.378
68 615 832 -114.768
69 1154 99 -268.376
70 1039 618 -89.0331
71 245 728 -148.455
72 1139 211 -53.3733
73 1057 126 -255.685
74 902 712 -315.77
75 157 779 -73.2888
76 842 561 -66.1355
77 659 713 -303.746
78 654 45 -156.156
79 499 735 -15.9947
80 55 678 -287.656
81 1123 166 -275.649
83 785 46 -36.2817
85 860 516 -322.153
86 1058 437 -119.356
87 1007 686 -312.675
88 1126 511 -332.978
90 531 482 -332.375
91 50 611 -113.107
92 377 514 -332.057
94 991 258 -169.849
95 884 622 -254.602
98 30 813 -338.672
99 683 829 -233.317
100 131 212 -83.9775
101 315 103 -283.577
103 726 591 -293.335
106 869 616 -317.208
107 923 163 -184.964
108 480 624 -262.767
109 854 228 -224.148
110 1128 323 -175.606
112 152 857 -154.639
113 38 447 -337.438
114 64 824 -219.851
115 949 541 -50.621
116 821 396 -66.679
117 912 809 -273.418
118 363 578 -114.401
119 125 622 -86.9551
120 105 50 -325.624
121 1204 286 -122.308
122 1154 320 -288.221
125 671 286 -120.707
126 495 562 -294.099
127 536 382 -178.639
128 878 298 -173.123
129 44 481 -260.551
130 698 576 -106.653
131 1181 135 -151.257
132 60 733 -169.812
133 801 211 -244.035
134 107 414 -234.609
135 1180 767 -174.17
136 1044 377 -117.799
137 757 792 -228.55
139 877 35 -272.062
140 532 189 -118.338
141 447 108 -262.093
142 306 384 -282.274
144 1094 870 -311.033
145 488 131 -339.184
146 1154 592 -226.867
148 1209 603 -306.064
149 751 727 -267.03
150 569 808 -67.6468
151 906 278 -281.655
152 1021 31 -126.346
153 798 345 -300.849
154 931 321 -166.09
155 657 375 -287.281
156 1194 395 -297.855
157 1070 818 -85.3443
158 104 143 -342.692
159 857 857 -196.647
160 643 783 -155.37
161 975 181 -271.807
162 290 574 -169.66
163 1190 354 -175.863
164 697 882 -296.674
165 877 472 -174.457
168 623 529 -41.0407
169 809 731 -99.4448
170 453 856 -344.686
171 71 375 -203.128
172 505 820 -168.322
173 533 869 -7.08233
174 782 172 -34.8131
175 609 350 -288.485
176 816 685 -230.289
177 98 800 -199.975
178 742 667 -169.691
180 579 502 -153.526
181 318 809 -109.174
184 638 640 -211.021
185 801 583 -29.8992
186 1125 406 -213.859
187 427 532 -299.781
188 477 428 -275.719
189 702 515 -147.478
190 754 601 -241.432
192 867 804 -255.929
193 1028 195 -306.966
194 347 837 -338.242
195 36 136 -115.478
196 1196 435 -184.281
197 154 163 -63.5406
198 1005 865 -212.057
199 482 24 -230.148
200 434 739 -58.1498
201 802 645 -3.56273
202 303 793 -210.118
203 719 218 -35.946
204 192 552 -102.52
205 791 280 -357.966
206 204 870 -32.8107
207 144 437 -103.239
208 115 466 -187.078
209 251 440 -94.4608
210 672 439 -162.298
211 290 532 -177.922
212 287 484 -15.4999
213 265 85 -279.575
214 1117 429 -310.651
215 1003 327 -234.055
216 1051 310 -37.5867
217 167 814 -210.568
218 1003 537 -142.118
219 396 712 -105.815
220 98 876 -37.2581
221 1089 696 -229.984
222 274 451 -69.1384
223 968 376 -284.566
224 225 507 -323.635
225 185 604 -242.284
226 183 770 -189.955
227 474 523 -325.234
228 111 570 -215.279
229 347 400 -199.455
230 930 607 -306.173
231 605 883 -158.791
232 260 250 -15.5136
233 982 623 -205.154
234 944 696 -17.1512
235 1209 171 -12.8662
236 1112 760 -102.742
237 1060 344 -21.5979
238 1037 262 -328.504
239 1071 752 -167.748
240 67 540 -121.084
241 149 40 -61.6082
242 1094 645 -36.8421
243 1011 504 -37.3295
244 908 235 -92.2565
245 352 712 -100.353
246 929 654 -140.47
247 636 448 -92.7686
248 863 19 -89.6411
249 729 230 -131.841
251 29 317 -112.03
252 740 441 -327.063
253 431 598 -217.572
254 263 660 -6.88184
255 1029 414 -270.41
256 776 232 -39.6144
257 90 585 -329.472
258 25 356 -287.404
259 457 780 -292.294
260 1150 260 -326.637
261 861 428 -50.695
262 729 742 -13.4929
263 670 672 -9.91321
264 1103 819 -77.139
266 280 287 -178.003
267 1137 471 -200.226
268 383 32 -201.369
269 198 222 -339.973
270 72 487 -266.213
271 307 669 -212.132
272 437 821 -184.467
273 392 867 -242.835
274 1003 369 -313.787
275 348 683 -168.837
276 261 24 -18.9722
277 363 749 -332.415
278 1043 872 -106.523
279 997 299 -46.0501
280 201 83 -238.908
281 348 38 -308.653
282 679 632 -302.094
284 1150 822 -348.403
285 338 874 -115.443
286 810 625 -34.3632
287 1111 306 -307.748
288 1190 818 -88.5672
289 554 767 -33.7857
290 837 709 -124.718
291 296 333 -67.0591
292 262 872 -167.676
293 1179 718 -112.714
294 1222 740 -140.857
295 158 72 -141.72
296 432 467 -14.4708
297 1080 241 -254.973
298 205 43 -188.774
299 1138 644 -38.3151
300 15 187 -1.60656
301 203 25 -352.816
302 1223 807 -253.369
303 19 522 -75.8349
304 1064 178 -352.983
305 1003 465 -54.9263
306 41 759 -77.7438
307 31 17 -124.089
308 1159 691 -192.691
309 930 483 -126.625
310 847 884 -230.282
311 241 227 -207.267
312 673 337 -84.0049
313 308 726 -218.522
314 990 588 -134.881
315 1141 725 -287.7
316 178 492 -181.297
317 305 871 -238.501
318 168 524 -49.7446
319 314 41 -126.046
320 1130 674 -116.561
321 711 20 -263.199
323 20 413 -104.392
324 465 199 -340.318
325 972 18 -141.366
326 164 25 -213.928
327 366 795 -128.349
328 727 334 -277.283
329 727 287 -0.0134338
330 258 561 -18.809
331 229 282 -97.3414
332 961 440 -63.8961
333 24 569 -75.2491
334 313 625 -64.9737
335 572 368 -199.017
336 290 623 -299.335
337 1213 16 -133.73
338 223 467 -229.543
339 392 757 -80.3418
340 569 329 -198.592
341 1145 878 -295.509
342 345 633 -348.321
343 994 422 -108.615
344 1221 687 -261.297
345 942 422 -305.781
